3280 3
1.83697e-17 -0.370711 -3.87724
-0.262132 -0.262132 -3.87724
0.262132 -0.262132 -3.87724
-0.370711 -3.67394e-17 -3.87724
0.370711 0.0 -3.87724
-0.262132 0.262132 -3.87724
0.262132 0.262132 -3.87724
-5.51091e-17 0.370711 -3.87724
0.146618 -0.469921 -3.54567
-0.22861 -0.435959 -3.54567
0.435959 -0.22861 -3.54567
-0.469921 -0.146618 -3.54567
0.469921 0.146618 -3.54567
-0.435959 0.22861 -3.54567
0.22861 0.435959 -3.54567
-0.146618 0.469921 -3.54567
-0.0308582 -0.650803 -3.32866
0.438367 -0.482007 -3.32866
-0.482007 -0.438367 -3.32866
0.650803 -0.0308582 -3.32866
-0.650803 0.0308582 -3.32866
0.482007 0.438367 -3.32866
-0.438367 0.482007 -3.32866
0.0308582 0.650803 -3.32866
0.274374 -0.717573 -3.20275
-0.313389 -0.701412 -3.20275
0.701412 -0.313389 -3.20275
-0.717573 -0.274374 -3.20275
0.717573 0.274374 -3.20275
-0.701412 0.313389 -3.20275
0.313389 0.701412 -3.20275
-0.274374 0.717573 -3.20275
-0.0210893 -0.909045 -3.0598
0.62788 -0.657704 -3.0598
-0.657704 -0.62788 -3.0598
0.909045 -0.0210893 -3.0598
-0.909045 0.0210893 -3.0598
0.657704 0.62788 -3.0598
-0.62788 0.657704 -3.0598
0.0210893 0.909045 -3.0598
0.349334 -0.955392 -2.95646
-0.428548 -0.92258 -2.95646
0.92258 -0.428548 -2.95646
-0.955392 -0.349334 -2.95646
0.955392 0.349334 -2.95646
-0.92258 0.428548 -2.95646
0.428548 0.92258 -2.95646
-0.349334 0.955392 -2.95646
-0.161809 -1.1176 -2.84956
0.675843 -0.904676 -2.84956
-0.904676 -0.675843 -2.84956
1.1176 -0.161809 -2.84956
-1.1176 0.161809 -2.84956
0.904676 0.675843 -2.84956
-0.675843 0.904676 -2.84956
0.161809 1.1176 -2.84956
0.170882 -1.18523 -2.78385
-0.717252 -0.958915 -2.78385
0.958915 -0.717252 -2.78385
-1.18523 -0.170882 -2.78385
1.18523 0.170882 -2.78385
-0.958915 0.717252 -2.78385
0.717252 0.958915 -2.78385
-0.170882 1.18523 -2.78385
-0.4537 -1.19824 -2.69906
0.526466 -1.16809 -2.69906
-1.16809 -0.526466 -2.69906
1.19824 -0.4537 -2.69906
-1.19824 0.4537 -2.69906
1.16809 0.526466 -2.69906
-0.526466 1.16809 -2.69906
0.4537 1.19824 -2.69906
-0.115462 -1.36843 -2.60342
0.885979 -1.04927 -2.60342
-1.04927 -0.885979 -2.60342
1.36843 -0.115462 -2.60342
-1.36843 0.115462 -2.60342
1.04927 0.885979 -2.60342
-0.885979 1.04927 -2.60342
0.115462 1.36843 -2.60342
0.267194 -1.41514 -2.53226
-0.81172 -1.18959 -2.53226
1.18959 -0.81172 -2.53226
-1.41514 -0.267194 -2.53226
1.41514 0.267194 -2.53226
-1.18959 0.81172 -2.53226
0.81172 1.18959 -2.53226
-0.267194 1.41514 -2.53226
-0.528397 -1.41096 -2.4575
0.624069 -1.37134 -2.4575
-1.37134 -0.624069 -2.4575
1.41096 -0.528397 -2.4575
-1.41096 0.528397 -2.4575
1.37134 0.624069 -2.4575
-0.624069 1.37134 -2.4575
0.528397 1.41096 -2.4575
-0.228678 -1.56593 -2.36993
0.94558 -1.26898 -2.36993
-1.26898 -0.94558 -2.36993
1.56593 -0.228678 -2.36993
-1.56593 0.228678 -2.36993
1.26898 0.94558 -2.36993
-0.94558 1.26898 -2.36993
0.228678 1.56593 -2.36993
0.111222 -1.61804 -2.32309
-1.06548 -1.22277 -2.32309
1.22277 -1.06548 -2.32309
-1.61804 -0.111222 -2.32309
1.61804 0.111222 -2.32309
-1.22277 1.06548 -2.32309
1.06548 1.22277 -2.32309
-0.111222 1.61804 -2.32309
0.472431 -1.6101 -2.25309
-0.804457 -1.47258 -2.25309
1.47258 -0.804457 -2.25309
-1.6101 -0.472431 -2.25309
1.6101 0.472431 -2.25309
-1.47258 0.804457 -2.25309
0.804457 1.47258 -2.25309
-0.472431 1.6101 -2.25309
-0.494269 -1.65863 -2.18431
0.823329 -1.52233 -2.18431
-1.52233 -0.823329 -2.18431
1.65863 -0.494269 -2.18431
-1.65863 0.494269 -2.18431
1.52233 0.823329 -2.18431
-0.823329 1.52233 -2.18431
0.494269 1.65863 -2.18431
-0.151118 -1.77393 -2.11656
1.1475 -1.36122 -2.11656
-1.36122 -1.1475 -2.11656
1.77393 -0.151118 -2.11656
-1.77393 0.151118 -2.11656
1.36122 1.1475 -2.11656
-1.1475 1.36122 -2.11656
0.151118 1.77393 -2.11656
0.228179 -1.8245 -2.03358
-1.12877 -1.45146 -2.03358
1.45146 -1.12877 -2.03358
-1.8245 -0.228179 -2.03358
1.8245 0.228179 -2.03358
-1.45146 1.12877 -2.03358
1.12877 1.45146 -2.03358
-0.228179 1.8245 -2.03358
0.614321 -1.77481 -1.97573
-0.820589 -1.68937 -1.97573
1.68937 -0.820589 -1.97573
-1.77481 -0.614321 -1.97573
1.77481 0.614321 -1.97573
-1.68937 0.820589 -1.97573
0.820589 1.68937 -1.97573
-0.614321 1.77481 -1.97573
-0.497714 -1.85474 -1.9104
0.959564 -1.66344 -1.9104
-1.66344 -0.959564 -1.9104
1.85474 -0.497714 -1.9104
-1.85474 0.497714 -1.9104
1.66344 0.959564 -1.9104
-0.959564 1.66344 -1.9104
0.497714 1.85474 -1.9104
-0.148815 -1.95467 -1.84569
1.27694 -1.48739 -1.84569
-1.48739 -1.27694 -1.84569
1.95467 -0.148815 -1.84569
-1.95467 0.148815 -1.84569
1.48739 1.27694 -1.84569
-1.27694 1.48739 -1.84569
0.148815 1.95467 -1.84569
0.189059 -2.00064 -1.76277
-1.28098 -1.54835 -1.76277
1.54835 -1.28098 -1.76277
-2.00064 -0.189059 -1.76277
2.00064 0.189059 -1.76277
-1.54835 1.28098 -1.76277
1.28098 1.54835 -1.76277
-0.189059 2.00064 -1.76277
0.529802 -1.96017 -1.72601
-1.01142 -1.76068 -1.72601
1.76068 -1.01142 -1.72601
-1.96017 -0.529802 -1.72601
1.96017 0.529802 -1.72601
-1.76068 1.01142 -1.72601
1.01142 1.76068 -1.72601
-0.529802 1.96017 -1.72601
-0.697611 -1.94397 -1.66266
0.88131 -1.86788 -1.66266
-1.86788 -0.88131 -1.66266
1.94397 -0.697611 -1.66266
-1.94397 0.697611 -1.66266
1.86788 0.88131 -1.66266
-0.88131 1.86788 -1.66266
0.697611 1.94397 -1.66266
-0.355818 -2.06796 -1.59971
1.21067 -1.71387 -1.59971
-1.71387 -1.21067 -1.59971
2.06796 -0.355818 -1.59971
-2.06796 0.355818 -1.59971
1.71387 1.21067 -1.59971
-1.21067 1.71387 -1.59971
0.355818 2.06796 -1.59971
0.00264274 -2.12958 -1.53712
-1.50397 -1.50771 -1.53712
1.50771 -1.50397 -1.53712
-2.12958 -0.00264274 -1.53712
2.12958 0.00264274 -1.53712
-1.50771 1.50397 -1.53712
1.50397 1.50771 -1.53712
-0.00264274 2.12958 -1.53712
0.366465 -2.12782 -1.47486
-1.24547 -1.76373 -1.47486
1.76373 -1.24547 -1.47486
-2.12782 -0.366465 -1.47486
2.12782 0.366465 -1.47486
-1.76373 1.24547 -1.47486
1.24547 1.76373 -1.47486
-0.366465 2.12782 -1.47486
0.724662 -2.06357 -1.41289
-0.946752 -1.97158 -1.41289
1.97158 -0.946752 -1.41289
-2.06357 -0.724662 -1.41289
2.06357 0.724662 -1.41289
-1.97158 0.946752 -1.41289
0.946752 1.97158 -1.41289
-0.724662 2.06357 -1.41289
-0.617057 -2.1258 -1.35119
1.06684 -1.93949 -1.35119
-1.93949 -1.06684 -1.35119
2.1258 -0.617057 -1.35119
-2.1258 0.617057 -1.35119
1.93949 1.06684 -1.35119
-1.06684 1.93949 -1.35119
0.617057 2.1258 -1.35119
-0.266134 -2.22263 -1.28974
1.38345 -1.75982 -1.28974
-1.75982 -1.38345 -1.28974
2.22263 -0.266134 -1.28974
-2.22263 0.266134 -1.28974
1.75982 1.38345 -1.28974
-1.38345 1.75982 -1.28974
0.266134 2.22263 -1.28974
0.0960216 -2.26001 -1.22851
-1.53017 -1.66596 -1.22851
1.66596 -1.53017 -1.22851
-2.26001 -0.0960216 -1.22851
2.26001 0.0960216 -1.22851
-1.66596 1.53017 -1.22851
1.53017 1.66596 -1.22851
-0.0960216 2.26001 -1.22851
0.459439 -2.23753 -1.16748
-1.2573 -1.90705 -1.16748
1.90705 -1.2573 -1.16748
-2.23753 -0.459439 -1.16748
2.23753 0.459439 -1.16748
-1.90705 1.2573 -1.16748
1.2573 1.90705 -1.16748
-0.459439 2.23753 -1.16748
0.81442 -2.15639 -1.10665
-0.948915 -2.10068 -1.10665
2.10068 -0.948915 -1.10665
-2.15639 -0.81442 -1.10665
2.15639 0.81442 -1.10665
-2.10068 0.948915 -1.10665
0.948915 2.10068 -1.10665
-0.81442 2.15639 -1.10665
-0.613396 -2.24223 -1.04598
1.15176 -2.01923 -1.04598
-2.01923 -1.15176 -1.04598
2.24223 -0.613396 -1.04598
-2.24223 0.613396 -1.04598
2.01923 1.15176 -1.04598
-1.15176 2.01923 -1.04598
0.613396 2.24223 -1.04598
-0.243217 -2.33584 -0.967724
1.47971 -1.82367 -0.967724
-1.82367 -1.47971 -0.967724
2.33584 -0.243217 -0.967724
-2.33584 0.243217 -0.967724
1.82367 1.47971 -0.967724
-1.47971 1.82367 -0.967724
0.243217 2.33584 -0.967724
0.148946 -2.35816 -0.91763
-1.56215 -1.77279 -0.91763
1.77279 -1.56215 -0.91763
-2.35816 -0.148946 -0.91763
2.35816 0.148946 -0.91763
-1.77279 1.56215 -0.91763
1.56215 1.77279 -0.91763
-0.148946 2.35816 -0.91763
0.51158 -2.32315 -0.8574
-1.28097 -2.00446 -0.8574
2.00446 -1.28097 -0.8574
-2.32315 -0.51158 -0.8574
2.32315 0.51158 -0.8574
-2.00446 1.28097 -0.8574
1.28097 2.00446 -0.8574
-0.51158 2.32315 -0.8574
0.864361 -2.23206 -0.797289
-0.967109 -2.1895 -0.797289
2.1895 -0.967109 -0.797289
-2.23206 -0.864361 -0.797289
2.23206 0.864361 -0.797289
-2.1895 0.967109 -0.797289
0.967109 2.1895 -0.797289
-0.864361 2.23206 -0.797289
-0.628358 -2.32373 -0.737283
1.19881 -2.08744 -0.737283
-2.08744 -1.19881 -0.737283
2.32373 -0.628358 -0.737283
-2.32373 0.628358 -0.737283
2.08744 1.19881 -0.737283
-1.19881 2.08744 -0.737283
0.628358 2.32373 -0.737283
-0.294702 -2.40629 -0.654686
1.49312 -1.90989 -0.654686
-1.90989 -1.49312 -0.654686
2.40629 -0.294702 -0.654686
-2.40629 0.294702 -0.654686
1.90989 1.49312 -0.654686
-1.49312 1.90989 -0.654686
0.294702 2.40629 -0.654686
0.0450649 -2.4294 -0.625086
-1.68598 -1.74971 -0.625086
1.74971 -1.68598 -0.625086
-2.4294 -0.0450649 -0.625086
2.4294 0.0450649 -0.625086
-1.74971 1.68598 -0.625086
1.68598 1.74971 -0.625086
-0.0450649 2.4294 -0.625086
0.408771 -2.40593 -0.565326
-1.4122 -1.99029 -0.565326
1.99029 -1.4122 -0.565326
-2.40593 -0.408771 -0.565326
2.40593 0.408771 -0.565326
-1.99029 1.4122 -0.565326
1.4122 1.99029 -0.565326
-0.408771 2.40593 -0.565326
0.76473 -2.32748 -0.505636
-1.10503 -2.18652 -0.505636
2.18652 -1.10503 -0.505636
-2.32748 -0.76473 -0.505636
2.32748 0.76473 -0.505636
-2.18652 1.10503 -0.505636
1.10503 2.18652 -0.505636
-0.76473 2.32748 -0.505636
-0.771672 -2.33403 -0.446008
1.10475 -2.19606 -0.446008
-2.19606 -1.10475 -0.446008
2.33403 -0.771672 -0.446008
-2.33403 0.771672 -0.446008
2.19606 1.10475 -0.446008
-1.10475 2.19606 -0.446008
0.771672 2.33403 -0.446008
-0.419857 -2.42959 -0.386434
1.4211 -2.01487 -0.386434
-2.01487 -1.4211 -0.386434
2.42959 -0.419857 -0.386434
-2.42959 0.419857 -0.386434
2.01487 1.4211 -0.386434
-1.4211 2.01487 -0.386434
0.419857 2.42959 -0.386434
-0.0576507 -2.47119 -0.326906
1.70663 -1.78816 -0.326906
-1.78816 -1.70663 -0.326906
2.47119 -0.0576507 -0.326906
-2.47119 0.0576507 -0.326906
1.78816 1.70663 -0.326906
-1.70663 1.78816 -0.326906
0.0576507 2.47119 -0.326906
0.306717 -2.458 -0.267416
-1.52118 -1.95495 -0.267416
1.95495 -1.52118 -0.267416
-2.458 -0.306717 -0.267416
2.458 0.306717 -0.267416
-1.95495 1.52118 -0.267416
1.52118 1.95495 -0.267416
-0.306717 2.458 -0.267416
0.665024 -2.39043 -0.207958
-1.22004 -2.16053 -0.207958
2.16053 -1.22004 -0.207958
-2.39043 -0.665024 -0.207958
2.39043 0.665024 -0.207958
-2.16053 1.22004 -0.207958
1.22004 2.16053 -0.207958
-0.665024 2.39043 -0.207958
-0.891562 -2.31882 -0.148524
1.00923 -2.27009 -0.148524
-2.27009 -1.00923 -0.148524
2.31882 -0.891562 -0.148524
-2.31882 0.891562 -0.148524
2.27009 1.00923 -0.148524
-1.00923 2.27009 -0.148524
0.891562 2.31882 -0.148524
-0.54313 -2.42634 -0.0891078
1.33163 -2.09973 -0.0891078
-2.09973 -1.33163 -0.0891078
2.42634 -0.54313 -0.0891078
-2.42634 0.54313 -0.0891078
2.09973 1.33163 -0.0891078
-1.33163 2.09973 -0.0891078
0.54313 2.42634 -0.0891078
-0.18256 -2.48071 -0.0297015
1.62504 -1.88322 -0.0297015
-1.88322 -1.62504 -0.0297015
2.48071 -0.18256 -0.0297015
-2.48071 0.18256 -0.0297015
1.88322 1.62504 -0.0297015
-1.62504 1.88322 -0.0297015
0.18256 2.48071 -0.0297015
0.182089 -2.48075 0.0297015
-1.6254 -1.88291 0.0297015
1.88291 -1.6254 0.0297015
-2.48075 -0.182089 0.0297015
2.48075 0.182089 0.0297015
-1.88291 1.6254 0.0297015
1.6254 1.88291 0.0297015
-0.182089 2.48075 0.0297015
0.54267 -2.42644 0.0891078
-1.33203 -2.09948 0.0891078
2.09948 -1.33203 0.0891078
-2.42644 -0.54267 0.0891078
2.42644 0.54267 0.0891078
-2.09948 1.33203 0.0891078
1.33203 2.09948 0.0891078
-0.54267 2.42644 0.0891078
0.891122 -2.31899 0.148524
-1.00966 -2.26989 0.148524
2.26989 -1.00966 0.148524
-2.31899 -0.891122 0.148524
2.31899 0.891122 0.148524
-2.26989 1.00966 0.148524
1.00966 2.26989 0.148524
-0.891122 2.31899 0.148524
-0.665477 -2.3903 0.207958
1.21963 -2.16076 0.207958
-2.16076 -1.21963 0.207958
2.3903 -0.665477 0.207958
-2.3903 0.665477 0.207958
2.16076 1.21963 0.207958
-1.21963 2.16076 0.207958
0.665477 2.3903 0.207958
-0.307183 -2.45794 0.267416
1.52081 -1.95524 0.267416
-1.95524 -1.52081 0.267416
2.45794 -0.307183 0.267416
-2.45794 0.307183 0.267416
1.95524 1.52081 0.267416
-1.52081 1.95524 0.267416
0.307183 2.45794 0.267416
0.0571819 -2.4712 0.326906
-1.70697 -1.78784 0.326906
1.78784 -1.70697 0.326906
-2.4712 -0.0571819 0.326906
2.4712 0.0571819 0.326906
-1.78784 1.70697 0.326906
1.70697 1.78784 0.326906
-0.0571819 2.4712 0.326906
0.419396 -2.42967 0.386434
-1.42148 -2.0146 0.386434
2.0146 -1.42148 0.386434
-2.42967 -0.419396 0.386434
2.42967 0.419396 0.386434
-2.0146 1.42148 0.386434
1.42148 2.0146 0.386434
-0.419396 2.42967 0.386434
0.771229 -2.33418 0.446008
-1.10517 -2.19585 0.446008
2.19585 -1.10517 0.446008
-2.33418 -0.771229 0.446008
2.33418 0.771229 0.446008
-2.19585 1.10517 0.446008
1.10517 2.19585 0.446008
-0.771229 2.33418 0.446008
-0.765172 -2.32733 0.505636
1.10461 -2.18673 0.505636
-2.18673 -1.10461 0.505636
2.32733 -0.765172 0.505636
-2.32733 0.765172 0.505636
2.18673 1.10461 0.505636
-1.10461 2.18673 0.505636
0.765172 2.32733 0.505636
-0.409227 -2.40585 0.565326
1.41183 -1.99056 0.565326
-1.99056 -1.41183 0.565326
2.40585 -0.409227 0.565326
-2.40585 0.409227 0.565326
1.99056 1.41183 0.565326
-1.41183 1.99056 0.565326
0.409227 2.40585 0.565326
-0.0455258 -2.42939 0.625086
1.68565 -1.75003 0.625086
-1.75003 -1.68565 0.625086
2.42939 -0.0455258 0.625086
-2.42939 0.0455258 0.625086
1.75003 1.68565 0.625086
-1.68565 1.75003 0.625086
0.0455258 2.42939 0.625086
0.294245 -2.40635 0.654686
-1.49348 -1.90961 0.654686
1.90961 -1.49348 0.654686
-2.40635 -0.294245 0.654686
2.40635 0.294245 0.654686
-1.90961 1.49348 0.654686
1.49348 1.90961 0.654686
-0.294245 2.40635 0.654686
0.627917 -2.32385 0.737283
-1.19921 -2.08721 0.737283
2.08721 -1.19921 0.737283
-2.32385 -0.627917 0.737283
2.32385 0.627917 0.737283
-2.08721 1.19921 0.737283
1.19921 2.08721 0.737283
-0.627917 2.32385 0.737283
-0.864785 -2.2319 0.797289
0.966694 -2.18968 0.797289
-2.18968 -0.966694 0.797289
2.2319 -0.864785 0.797289
-2.2319 0.864785 0.797289
2.18968 0.966694 0.797289
-0.966694 2.18968 0.797289
0.864785 2.2319 0.797289
-0.512021 -2.32305 0.8574
1.28059 -2.0047 0.8574
-2.0047 -1.28059 0.8574
2.32305 -0.512021 0.8574
-2.32305 0.512021 0.8574
2.0047 1.28059 0.8574
-1.28059 2.0047 0.8574
0.512021 2.32305 0.8574
-0.149393 -2.35813 0.91763
1.56182 -1.77309 0.91763
-1.77309 -1.56182 0.91763
2.35813 -0.149393 0.91763
-2.35813 0.149393 0.91763
1.77309 1.56182 0.91763
-1.56182 1.77309 0.91763
0.149393 2.35813 0.91763
0.242774 -2.33589 0.967724
-1.48005 -1.82339 0.967724
1.82339 -1.48005 0.967724
-2.33589 -0.242774 0.967724
2.33589 0.242774 0.967724
-1.82339 1.48005 0.967724
1.48005 1.82339 0.967724
-0.242774 2.33589 0.967724
0.612971 -2.24234 1.04598
-1.15214 -2.01901 1.04598
2.01901 -1.15214 1.04598
-2.24234 -0.612971 1.04598
2.24234 0.612971 1.04598
-2.01901 1.15214 1.04598
1.15214 2.01901 1.04598
-0.612971 2.24234 1.04598
-0.814829 -2.15623 1.10665
0.948517 -2.10086 1.10665
-2.10086 -0.948517 1.10665
2.15623 -0.814829 1.10665
-2.15623 0.814829 1.10665
2.10086 0.948517 1.10665
-0.948517 2.10086 1.10665
0.814829 2.15623 1.10665
-0.459864 -2.23745 1.16748
1.25694 -1.90729 1.16748
-1.90729 -1.25694 1.16748
2.23745 -0.459864 1.16748
-2.23745 0.459864 1.16748
1.90729 1.25694 1.16748
-1.25694 1.90729 1.16748
0.459864 2.23745 1.16748
-0.0964503 -2.25999 1.22851
1.52985 -1.66625 1.22851
-1.66625 -1.52985 1.22851
2.25999 -0.0964503 1.22851
-2.25999 0.0964503 1.22851
1.66625 1.52985 1.22851
-1.52985 1.66625 1.22851
0.0964503 2.25999 1.22851
0.265712 -2.22268 1.28974
-1.38378 -1.75956 1.28974
1.75956 -1.38378 1.28974
-2.22268 -0.265712 1.28974
2.22268 0.265712 1.28974
-1.75956 1.38378 1.28974
1.38378 1.75956 1.28974
-0.265712 2.22268 1.28974
0.616653 -2.12592 1.35119
-1.06721 -1.93929 1.35119
1.93929 -1.06721 1.35119
-2.12592 -0.616653 1.35119
2.12592 0.616653 1.35119
-1.93929 1.06721 1.35119
1.06721 1.93929 1.35119
-0.616653 2.12592 1.35119
-0.725053 -2.06343 1.41289
0.946378 -1.97176 1.41289
-1.97176 -0.946378 1.41289
2.06343 -0.725053 1.41289
-2.06343 0.725053 1.41289
1.97176 0.946378 1.41289
-0.946378 1.97176 1.41289
0.725053 2.06343 1.41289
-0.366869 -2.12775 1.47486
1.24513 -1.76396 1.47486
-1.76396 -1.24513 1.47486
2.12775 -0.366869 1.47486
-2.12775 0.366869 1.47486
1.76396 1.24513 1.47486
-1.24513 1.76396 1.47486
0.366869 2.12775 1.47486
-0.00304674 -2.12958 1.53712
1.50369 -1.508 1.53712
-1.508 -1.50369 1.53712
2.12958 -0.00304674 1.53712
-2.12958 0.00304674 1.53712
1.508 1.50369 1.53712
-1.50369 1.508 1.53712
0.00304674 2.12958 1.53712
0.355426 -2.06803 1.59971
-1.21099 -1.71364 1.59971
1.71364 -1.21099 1.59971
-2.06803 -0.355426 1.59971
2.06803 0.355426 1.59971
-1.71364 1.21099 1.59971
1.21099 1.71364 1.59971
-0.355426 2.06803 1.59971
0.697242 -1.9441 1.66266
-0.881665 -1.86771 1.66266
1.86771 -0.881665 1.66266
-1.9441 -0.697242 1.66266
1.9441 0.697242 1.66266
-1.86771 0.881665 1.66266
0.881665 1.86771 1.66266
-0.697242 1.9441 1.66266
-0.530174 -1.96007 1.72601
1.01109 -1.76087 1.72601
-1.76087 -1.01109 1.72601
1.96007 -0.530174 1.72601
-1.96007 0.530174 1.72601
1.76087 1.01109 1.72601
-1.01109 1.76087 1.72601
0.530174 1.96007 1.72601
-0.189439 -2.0006 1.76277
1.28069 -1.54859 1.76277
-1.54859 -1.28069 1.76277
2.0006 -0.189439 1.76277
-2.0006 0.189439 1.76277
1.54859 1.28069 1.76277
-1.28069 1.54859 1.76277
0.189439 2.0006 1.76277
0.148444 -1.9547 1.84569
-1.27722 -1.48715 1.84569
1.48715 -1.27722 1.84569
-1.9547 -0.148444 1.84569
1.9547 0.148444 1.84569
-1.48715 1.27722 1.84569
1.27722 1.48715 1.84569
-0.148444 1.9547 1.84569
0.497362 -1.85484 1.9104
-0.959879 -1.66326 1.9104
1.66326 -0.959879 1.9104
-1.85484 -0.497362 1.9104
1.85484 0.497362 1.9104
-1.66326 0.959879 1.9104
0.959879 1.66326 1.9104
-0.497362 1.85484 1.9104
-0.614657 -1.77469 1.97573
0.820268 -1.68952 1.97573
-1.68952 -0.820268 1.97573
1.77469 -0.614657 1.97573
-1.77469 0.614657 1.97573
1.68952 0.820268 1.97573
-0.820268 1.68952 1.97573
0.614657 1.77469 1.97573
-0.228525 -1.82446 2.03358
1.1285 -1.45168 2.03358
-1.45168 -1.1285 2.03358
1.82446 -0.228525 2.03358
-1.82446 0.228525 2.03358
1.45168 1.1285 2.03358
-1.1285 1.45168 2.03358
0.228525 1.82446 2.03358
0.150782 -1.77396 2.11656
-1.14776 -1.361 2.11656
1.361 -1.14776 2.11656
-1.77396 -0.150782 2.11656
1.77396 0.150782 2.11656
-1.361 1.14776 2.11656
1.14776 1.361 2.11656
-0.150782 1.77396 2.11656
0.493954 -1.65873 2.18431
-0.823618 -1.52217 2.18431
1.52217 -0.823618 2.18431
-1.65873 -0.493954 2.18431
1.65873 0.493954 2.18431
-1.52217 0.823618 2.18431
0.823618 1.52217 2.18431
-0.493954 1.65873 2.18431
-0.472737 -1.61001 2.25309
0.804177 -1.47273 2.25309
-1.47273 -0.804177 2.25309
1.61001 -0.472737 2.25309
-1.61001 0.472737 2.25309
1.47273 0.804177 2.25309
-0.804177 1.47273 2.25309
0.472737 1.61001 2.25309
-0.111529 -1.61802 2.32309
1.06525 -1.22297 2.32309
-1.22297 -1.06525 2.32309
1.61802 -0.111529 2.32309
-1.61802 0.111529 2.32309
1.22297 1.06525 2.32309
-1.06525 1.22297 2.32309
0.111529 1.61802 2.32309
0.228381 -1.56597 2.36993
-0.94582 -1.2688 2.36993
1.2688 -0.94582 2.36993
-1.56597 -0.228381 2.36993
1.56597 0.228381 2.36993
-1.2688 0.94582 2.36993
0.94582 1.2688 2.36993
-0.228381 1.56597 2.36993
0.528129 -1.41106 2.4575
-0.62433 -1.37122 2.4575
1.37122 -0.62433 2.4575
-1.41106 -0.528129 2.4575
1.41106 0.528129 2.4575
-1.37122 0.62433 2.4575
0.62433 1.37122 2.4575
-0.528129 1.41106 2.4575
-0.267462 -1.41509 2.53226
0.811494 -1.18974 2.53226
-1.18974 -0.811494 2.53226
1.41509 -0.267462 2.53226
-1.41509 0.267462 2.53226
1.18974 0.811494 2.53226
-0.811494 1.18974 2.53226
0.267462 1.41509 2.53226
0.115203 -1.36845 2.60342
-0.886178 -1.0491 2.60342
1.0491 -0.886178 2.60342
-1.36845 -0.115203 2.60342
1.36845 0.115203 2.60342
-1.0491 0.886178 2.60342
0.886178 1.0491 2.60342
-0.115203 1.36845 2.60342
0.453473 -1.19832 2.69906
-0.526688 -1.16799 2.69906
1.16799 -0.526688 2.69906
-1.19832 -0.453473 2.69906
1.19832 0.453473 2.69906
-1.16799 0.526688 2.69906
0.526688 1.16799 2.69906
-0.453473 1.19832 2.69906
-0.171107 -1.1852 2.78385
0.71707 -0.959051 2.78385
-0.959051 -0.71707 2.78385
1.1852 -0.171107 2.78385
-1.1852 0.171107 2.78385
0.959051 0.71707 2.78385
-0.71707 0.959051 2.78385
0.171107 1.1852 2.78385
0.161597 -1.11763 2.84956
-0.676015 -0.904548 2.84956
0.904548 -0.676015 2.84956
-1.11763 -0.161597 2.84956
1.11763 0.161597 2.84956
-0.904548 0.676015 2.84956
0.676015 0.904548 2.84956
-0.161597 1.11763 2.84956
-0.349515 -0.955325 2.95646
0.428373 -0.922661 2.95646
-0.922661 -0.428373 2.95646
0.955325 -0.349515 2.95646
-0.955325 0.349515 2.95646
0.922661 0.428373 2.95646
-0.428373 0.922661 2.95646
0.349515 0.955325 2.95646
0.0209168 -0.909049 3.0598
-0.628004 -0.657585 3.0598
0.657585 -0.628004 3.0598
-0.909049 -0.0209168 3.0598
0.909049 0.0209168 3.0598
-0.657585 0.628004 3.0598
0.628004 0.657585 3.0598
-0.0209168 0.909049 3.0598
-0.27451 -0.717521 3.20275
0.313256 -0.701472 3.20275
-0.701472 -0.313256 3.20275
0.717521 -0.27451 3.20275
-0.717521 0.27451 3.20275
0.701472 0.313256 3.20275
-0.313256 0.701472 3.20275
0.27451 0.717521 3.20275
0.0307348 -0.650809 3.32866
-0.438458 -0.481924 3.32866
0.481924 -0.438458 3.32866
-0.650809 -0.0307348 3.32866
0.650809 0.0307348 3.32866
-0.481924 0.438458 3.32866
0.438458 0.481924 3.32866
-0.0307348 0.650809 3.32866
-0.146707 -0.469893 3.54567
0.228527 -0.436002 3.54567
-0.436002 -0.228527 3.54567
0.469893 -0.146707 3.54567
-0.469893 0.146707 3.54567
0.436002 0.228527 3.54567
-0.228527 0.436002 3.54567
0.146707 0.469893 3.54567
-0.141421 -0.341421 -3.87724
-0.10838 -0.406887 -3.71471
-0.255508 -0.335164 -3.71471
0.211077 -0.364349 -3.71471
0.0563253 -0.417668 -3.71471
0.141421 -0.341421 -3.87724
-0.0430424 -0.47128 -3.56647
-0.417668 -0.0563253 -3.71471
-0.341421 -0.141421 -3.87724
-0.364349 -0.211077 -3.71471
-0.363681 -0.30281 -3.56647
0.406887 -0.10838 -3.71471
0.335164 -0.255508 -3.71471
0.341421 -0.141421 -3.87724
0.30281 -0.363681 -3.56647
-0.335164 0.255508 -3.71471
-0.341421 0.141421 -3.87724
-0.406887 0.10838 -3.71471
-0.47128 0.0430424 -3.56647
0.364349 0.211077 -3.71471
0.417668 0.0563253 -3.71471
0.341421 0.141421 -3.87724
0.47128 -0.0430424 -3.56647
-0.0563253 0.417668 -3.71471
-0.141421 0.341421 -3.87724
-0.211077 0.364349 -3.71471
-0.30281 0.363681 -3.56647
0.255508 0.335164 -3.71471
0.141421 0.341421 -3.87724
0.10838 0.406887 -3.71471
0.363681 0.30281 -3.56647
0.0430424 0.47128 -3.56647
0.0453919 -0.566673 -3.42799
-0.124092 -0.5548 -3.42799
0.304557 -0.48005 -3.42799
0.432795 -0.368602 -3.42799
0.210627 -0.594218 -3.36398
0.111626 -0.691295 -3.27724
0.368252 -0.597131 -3.27724
-0.368602 -0.432795 -3.42799
-0.48005 -0.304557 -3.42799
-0.161841 -0.682629 -3.27724
-0.27124 -0.569111 -3.36398
-0.409888 -0.567751 -3.27724
0.5548 -0.124092 -3.42799
0.566673 0.0453919 -3.42799
0.567751 -0.409888 -3.27724
0.569111 -0.27124 -3.36398
0.682629 -0.161841 -3.27724
-0.566673 -0.0453919 -3.42799
-0.5548 0.124092 -3.42799
-0.594218 -0.210627 -3.36398
-0.597131 -0.368252 -3.27724
-0.691295 -0.111626 -3.27724
0.48005 0.304557 -3.42799
0.368602 0.432795 -3.42799
0.691295 0.111626 -3.27724
0.594218 0.210627 -3.36398
0.597131 0.368252 -3.27724
-0.432795 0.368602 -3.42799
-0.304557 0.48005 -3.42799
-0.569111 0.27124 -3.36398
-0.682629 0.161841 -3.27724
-0.567751 0.409888 -3.27724
-0.0453919 0.566673 -3.42799
0.124092 0.5548 -3.42799
0.409888 0.567751 -3.27724
0.27124 0.569111 -3.36398
0.161841 0.682629 -3.27724
-0.210627 0.594218 -3.36398
-0.368252 0.597131 -3.27724
-0.111626 0.691295 -3.27724
0.138252 -0.819733 -3.13547
-0.0225659 -0.767443 -3.2016
-0.185984 -0.809842 -3.13547
0.441134 -0.704155 -3.13547
0.526707 -0.55862 -3.2016
0.677398 -0.48188 -3.13547
-0.48188 -0.677398 -3.13547
-0.55862 -0.526707 -3.2016
-0.704155 -0.441134 -3.13547
0.767443 -0.0225659 -3.2016
0.809842 -0.185984 -3.13547
0.819733 0.138252 -3.13547
-0.819733 -0.138252 -3.13547
-0.767443 0.0225659 -3.2016
-0.809842 0.185984 -3.13547
0.55862 0.526707 -3.2016
0.704155 0.441134 -3.13547
0.48188 0.677398 -3.13547
-0.677398 0.48188 -3.13547
-0.526707 0.55862 -3.2016
-0.441134 0.704155 -3.13547
0.0225659 0.767443 -3.2016
0.185984 0.809842 -3.13547
-0.138252 0.819733 -3.13547
0.308192 -0.83574 -3.07498
0.175038 -0.948075 -3.0083
0.480195 -0.815658 -3.01937
-0.237209 -0.916306 -3.01937
-0.373032 -0.808882 -3.07498
-0.546619 -0.794161 -3.0083
0.794161 -0.546619 -3.0083
0.808882 -0.373032 -3.07498
0.916306 -0.237209 -3.01937
-0.83574 -0.308192 -3.07498
-0.815658 -0.480195 -3.01937
-0.948075 -0.175038 -3.0083
0.948075 0.175038 -3.0083
0.83574 0.308192 -3.07498
0.815658 0.480195 -3.01937
-0.808882 0.373032 -3.07498
-0.916306 0.237209 -3.01937
-0.794161 0.546619 -3.0083
0.546619 0.794161 -3.0083
0.373032 0.808882 -3.07498
0.237209 0.916306 -3.01937
-0.308192 0.83574 -3.07498
-0.480195 0.815658 -3.01937
-0.175038 0.948075 -3.0083
0.260292 -1.07491 -2.87396
0.0848878 -1.05274 -2.92189
-0.0997983 -1.02447 -2.94404
-0.28743 -1.02811 -2.90717
-0.00429165 -1.15256 -2.82816
0.523741 -0.930228 -2.90717
0.653839 -0.794976 -2.94404
0.804426 -0.684377 -2.92189
0.944129 -0.57602 -2.87396
0.811952 -0.818021 -2.82816
-0.57602 -0.944129 -2.87396
-0.684377 -0.804426 -2.92189
-0.794976 -0.653839 -2.94404
-0.930228 -0.523741 -2.90717
-0.818021 -0.811952 -2.82816
1.02447 -0.0997983 -2.94404
1.02811 -0.28743 -2.90717
1.05274 0.0848878 -2.92189
1.07491 0.260292 -2.87396
1.15256 -0.00429165 -2.82816
-1.07491 -0.260292 -2.87396
-1.05274 -0.0848878 -2.92189
-1.02447 0.0997983 -2.94404
-1.02811 0.28743 -2.90717
-1.15256 0.00429165 -2.82816
0.794976 0.653839 -2.94404
0.930228 0.523741 -2.90717
0.57602 0.944129 -2.87396
0.684377 0.804426 -2.92189
0.818021 0.811952 -2.82816
-0.944129 0.57602 -2.87396
-0.804426 0.684377 -2.92189
-0.653839 0.794976 -2.94404
-0.523741 0.930228 -2.90717
-0.811952 0.818021 -2.82816
0.0997983 1.02447 -2.94404
0.28743 1.02811 -2.90717
-0.0848878 1.05274 -2.92189
-0.260292 1.07491 -2.87396
0.00429165 1.15256 -2.82816
0.437159 -1.06703 -2.82791
0.611473 -1.03016 -2.78362
0.348867 -1.19029 -2.74079
-0.296054 -1.16081 -2.78362
-0.445387 -1.06362 -2.82791
-0.594976 -1.08835 -2.74079
1.16081 -0.296054 -2.78362
1.06362 -0.445387 -2.82791
1.08835 -0.594976 -2.74079
-1.03016 -0.611473 -2.78362
-1.06703 -0.437159 -2.82791
-1.19029 -0.348867 -2.74079
1.03016 0.611473 -2.78362
1.06703 0.437159 -2.82791
1.19029 0.348867 -2.74079
-1.16081 0.296054 -2.78362
-1.06362 0.445387 -2.82791
-1.08835 0.594976 -2.74079
0.296054 1.16081 -2.78362
0.445387 1.06362 -2.82791
0.594976 1.08835 -2.74079
-0.611473 1.03016 -2.78362
-0.437159 1.06703 -2.82791
-0.348867 1.19029 -2.74079
0.0392272 -1.28098 -2.69893
-0.133337 -1.23356 -2.74066
-0.298072 -1.28639 -2.65828
0.933524 -0.878049 -2.69893
0.777975 -0.966541 -2.74066
0.698849 -1.12039 -2.65828
-0.878049 -0.933524 -2.69893
-0.966541 -0.777975 -2.74066
-1.12039 -0.698849 -2.65828
1.23356 -0.133337 -2.74066
1.28098 0.0392272 -2.69893
1.28639 -0.298072 -2.65828
-1.28098 -0.0392272 -2.69893
-1.23356 0.133337 -2.74066
-1.28639 0.298072 -2.65828
0.966541 0.777975 -2.74066
0.878049 0.933524 -2.69893
1.12039 0.698849 -2.65828
-0.777975 0.966541 -2.74066
-0.933524 0.878049 -2.69893
-0.698849 1.12039 -2.65828
0.133337 1.23356 -2.74066
-0.0392272 1.28098 -2.69893
0.298072 1.28639 -2.65828
0.39622 -1.29916 -2.61838
0.216835 -1.30283 -2.6582
0.0879643 -1.40228 -2.57051
-0.638477 -1.19882 -2.61838
-0.767912 -1.07456 -2.6582
-0.929361 -1.05376 -2.57051
1.19882 -0.638477 -2.61838
1.07456 -0.767912 -2.6582
1.05376 -0.929361 -2.57051
-1.30283 -0.216835 -2.6582
-1.29916 -0.39622 -2.61838
-1.40228 -0.0879643 -2.57051
1.29916 0.39622 -2.61838
1.30283 0.216835 -2.6582
1.40228 0.0879643 -2.57051
-1.07456 0.767912 -2.6582
-1.19882 0.638477 -2.61838
-1.05376 0.929361 -2.57051
0.767912 1.07456 -2.6582
0.638477 1.19882 -2.61838
0.929361 1.05376 -2.57051
-0.216835 1.30283 -2.6582
-0.39622 1.29916 -2.61838
-0.0879643 1.40228 -2.57051
-0.335012 -1.38921 -2.541
-0.49332 -1.30419 -2.57933
-0.676989 -1.30938 -2.49459
0.74543 -1.21921 -2.541
0.57337 -1.27103 -2.57933
0.447167 -1.40457 -2.49459
-1.21921 -0.74543 -2.541
-1.27103 -0.57337 -2.57933
-1.40457 -0.447167 -2.49459
1.30419 -0.49332 -2.57933
1.38921 -0.335012 -2.541
1.30938 -0.676989 -2.49459
-1.38921 0.335012 -2.541
-1.30419 0.49332 -2.57933
-1.30938 0.676989 -2.49459
1.27103 0.57337 -2.57933
1.21921 0.74543 -2.541
1.40457 0.447167 -2.49459
-0.74543 1.21921 -2.541
-0.57337 1.27103 -2.57933
-0.447167 1.40457 -2.49459
0.49332 1.30419 -2.57933
0.335012 1.38921 -2.541
0.676989 1.30938 -2.49459
0.186735 -1.51952 -2.43077
0.00756914 -1.49833 -2.46757
-0.18121 -1.47848 -2.476
-0.367855 -1.49358 -2.42089
-0.067676 -1.59099 -2.3586
1.06483 -1.05412 -2.46757
1.20651 -0.942424 -2.43077
0.796007 -1.31623 -2.42089
0.91731 -1.17358 -2.476
1.07714 -1.17285 -2.3586
-0.942424 -1.20651 -2.43077
-1.05412 -1.06483 -2.46757
-1.17358 -0.91731 -2.476
-1.31623 -0.796007 -2.42089
-1.17285 -1.07714 -2.3586
1.49833 0.00756914 -2.46757
1.51952 0.186735 -2.43077
1.47848 -0.18121 -2.476
1.49358 -0.367855 -2.42089
1.59099 -0.067676 -2.3586
-1.51952 -0.186735 -2.43077
-1.49833 -0.00756914 -2.46757
-1.47848 0.18121 -2.476
-1.49358 0.367855 -2.42089
-1.59099 0.067676 -2.3586
0.942424 1.20651 -2.43077
1.05412 1.06483 -2.46757
1.17358 0.91731 -2.476
1.31623 0.796007 -2.42089
1.17285 1.07714 -2.3586
-1.20651 0.942424 -2.43077
-1.06483 1.05412 -2.46757
-0.796007 1.31623 -2.42089
-0.91731 1.17358 -2.476
-1.07714 1.17285 -2.3586
-0.00756914 1.49833 -2.46757
-0.186735 1.51952 -2.43077
0.18121 1.47848 -2.476
0.367855 1.49358 -2.42089
0.067676 1.59099 -2.3586
0.546499 -1.49613 -2.35854
0.367143 -1.51866 -2.39443
0.291858 -1.62438 -2.28792
-0.671493 -1.44436 -2.35854
-0.814244 -1.33346 -2.39443
-0.942237 -1.35499 -2.28792
1.44436 -0.671493 -2.35854
1.33346 -0.814244 -2.39443
1.35499 -0.942237 -2.28792
-1.51866 -0.367143 -2.39443
-1.49613 -0.546499 -2.35854
-1.62438 -0.291858 -2.28792
1.49613 0.546499 -2.35854
1.51866 0.367143 -2.39443
1.62438 0.291858 -2.28792
-1.33346 0.814244 -2.39443
-1.44436 0.671493 -2.35854
-1.35499 0.942237 -2.28792
0.814244 1.33346 -2.39443
0.671493 1.44436 -2.35854
0.942237 1.35499 -2.28792
-0.367143 1.51866 -2.39443
-0.546499 1.49613 -2.35854
-0.291858 1.62438 -2.28792
-0.351997 -1.61273 -2.28787
-0.51674 -1.53773 -2.32302
-0.654622 -1.57408 -2.21855
0.721948 -1.45273 -2.32302
0.891472 -1.38927 -2.28787
0.650155 -1.57593 -2.21855
-1.38927 -0.891472 -2.28787
-1.45273 -0.721948 -2.32302
-1.57593 -0.650155 -2.21855
1.61273 -0.351997 -2.28787
1.53773 -0.51674 -2.32302
1.57408 -0.654622 -2.21855
-1.61273 0.351997 -2.28787
-1.53773 0.51674 -2.32302
-1.57408 0.654622 -2.21855
1.38927 0.891472 -2.28787
1.45273 0.721948 -2.32302
1.57593 0.650155 -2.21855
-0.721948 1.45273 -2.32302
-0.891472 1.38927 -2.28787
-0.650155 1.57593 -2.21855
0.351997 1.61273 -2.28787
0.51674 1.53773 -2.32302
0.654622 1.57408 -2.21855
-0.00237448 -1.705 -2.21852
-0.179869 -1.66861 -2.25304
-0.325885 -1.72542 -2.15031
1.20394 -1.2073 -2.21852
1.0527 -1.30708 -2.25304
0.989617 -1.45049 -2.15031
-1.2073 -1.20394 -2.21852
-1.30708 -1.0527 -2.25304
-1.45049 -0.989617 -2.15031
1.66861 -0.179869 -2.25304
1.705 -0.00237448 -2.21852
1.72542 -0.325885 -2.15031
-1.66861 0.179869 -2.25304
-1.705 0.00237448 -2.21852
-1.72542 0.325885 -2.15031
1.30708 1.0527 -2.25304
1.2073 1.20394 -2.21852
1.45049 0.989617 -2.15031
-1.0527 1.30708 -2.25304
-1.20394 1.2073 -2.21852
-0.989617 1.45049 -2.15031
0.00237448 1.705 -2.21852
0.179869 1.66861 -2.25304
0.325885 1.72542 -2.15031
0.359273 -1.71895 -2.15028
0.177987 -1.72177 -2.18427
0.0276434 -1.80391 -2.08303
-0.961436 -1.46952 -2.15028
-1.09162 -1.34333 -2.18427
-1.25601 -1.29511 -2.08303
1.46952 -0.961436 -2.15028
1.34333 -1.09162 -2.18427
1.29511 -1.25601 -2.08303
-1.71895 -0.359273 -2.15028
-1.72177 -0.177987 -2.18427
-1.80391 -0.0276434 -2.08303
1.71895 0.359273 -2.15028
1.72177 0.177987 -2.18427
1.80391 0.0276434 -2.08303
-1.46952 0.961436 -2.15028
-1.34333 1.09162 -2.18427
-1.29511 1.25601 -2.08303
0.961436 1.46952 -2.15028
1.09162 1.34333 -2.18427
1.25601 1.29511 -2.08303
-0.359273 1.71895 -2.15028
-0.177987 1.72177 -2.18427
-0.0276434 1.80391 -2.08303
0.715928 -1.65613 -2.08301
0.539188 -1.69694 -2.11653
0.435345 -1.80434 -2.00864
-0.664824 -1.6773 -2.08301
-0.818654 -1.58118 -2.11653
-0.968024 -1.58369 -2.00864
1.6773 -0.664824 -2.08301
1.58118 -0.818654 -2.11653
1.58369 -0.968024 -2.00864
-1.69694 -0.539188 -2.11653
-1.65613 -0.715928 -2.08301
-1.80434 -0.435345 -2.00864
1.69694 0.539188 -2.11653
1.65613 0.715928 -2.08301
1.80434 0.435345 -2.00864
-1.58118 0.818654 -2.11653
-1.6773 0.664824 -2.08301
-1.58369 0.968024 -2.00864
0.818654 1.58118 -2.11653
0.664824 1.6773 -2.08301
0.968024 1.58369 -2.00864
-0.539188 1.69694 -2.11653
-0.715928 1.65613 -2.08301
-0.435345 1.80434 -2.00864
-0.331694 -1.81974 -2.01658
-0.501959 -1.75704 -2.0497
-0.663114 -1.78005 -1.94298
1.05221 -1.52129 -2.01658
0.887474 -1.59735 -2.0497
0.789793 -1.72758 -1.94298
-1.52129 -1.05221 -2.01658
-1.59735 -0.887474 -2.0497
-1.72758 -0.789793 -1.94298
1.75704 -0.501959 -2.0497
1.81974 -0.331694 -2.01658
1.78005 -0.663114 -1.94298
-1.75704 0.501959 -2.0497
-1.81974 0.331694 -2.01658
-1.78005 0.663114 -1.94298
1.59735 0.887474 -2.0497
1.52129 1.05221 -2.01658
1.72758 0.789793 -1.94298
-0.887474 1.59735 -2.0497
-1.05221 1.52129 -2.01658
-0.789793 1.72758 -1.94298
0.331694 1.81974 -2.01658
0.501959 1.75704 -2.0497
0.663114 1.78005 -1.94298
0.0233234 -1.89256 -1.95088
-0.156048 -1.86502 -1.98364
-0.325547 -1.91313 -1.87797
1.35474 -1.32175 -1.95088
1.20843 -1.42911 -1.98364
1.12259 -1.58299 -1.87797
-1.32175 -1.35474 -1.95088
-1.42911 -1.20843 -1.98364
-1.58299 -1.12259 -1.87797
1.89256 0.0233234 -1.95088
1.86502 -0.156048 -1.98364
1.91313 -0.325547 -1.87797
-1.86502 0.156048 -1.98364
-1.89256 -0.0233234 -1.95088
-1.91313 0.325547 -1.87797
1.32175 1.35474 -1.95088
1.42911 1.20843 -1.98364
1.58299 1.12259 -1.87797
-1.20843 1.42911 -1.98364
-1.35474 1.32175 -1.95088
-1.12259 1.58299 -1.87797
-0.0233234 1.89256 -1.95088
0.156048 1.86502 -1.98364
0.325547 1.91313 -1.87797
0.56605 -1.87139 -1.85404
0.386051 -1.89597 -1.88638
0.199188 -1.92449 -1.88606
0.0313734 -1.97927 -1.81353
0.349179 -1.98184 -1.75784
-0.923015 -1.72353 -1.85404
-1.06767 -1.61363 -1.88638
-1.21997 -1.50167 -1.88606
-1.37737 -1.42174 -1.81353
-1.15447 -1.64828 -1.75784
1.72353 -0.923015 -1.85404
1.61363 -1.06767 -1.88638
1.42174 -1.37737 -1.81353
1.50167 -1.21997 -1.88606
1.64828 -1.15447 -1.75784
-1.87139 -0.56605 -1.85404
-1.89597 -0.386051 -1.88638
-1.92449 -0.199188 -1.88606
-1.97927 -0.0313734 -1.81353
-1.98184 -0.349179 -1.75784
1.87139 0.56605 -1.85404
1.89597 0.386051 -1.88638
1.92449 0.199188 -1.88606
1.97927 0.0313734 -1.81353
1.98184 0.349179 -1.75784
-1.72353 0.923015 -1.85404
-1.61363 1.06767 -1.88638
-1.50167 1.21997 -1.88606
-1.42174 1.37737 -1.81353
-1.64828 1.15447 -1.75784
1.06767 1.61363 -1.88638
0.923015 1.72353 -1.85404
1.21997 1.50167 -1.88606
1.37737 1.42174 -1.81353
1.15447 1.64828 -1.75784
-0.56605 1.87139 -1.85404
-0.386051 1.89597 -1.88638
-0.199188 1.92449 -1.88606
-0.0313734 1.97927 -1.81353
-0.349179 1.98184 -1.75784
0.742872 -1.82975 -1.82184
0.915105 -1.77157 -1.78977
0.707572 -1.92208 -1.69428
-0.605615 -1.89977 -1.78977
-0.76854 -1.81912 -1.82184
-0.858787 -1.85944 -1.69428
1.81912 -0.76854 -1.82184
1.89977 -0.605615 -1.78977
1.85944 -0.858787 -1.69428
-1.77157 -0.915105 -1.78977
-1.82975 -0.742872 -1.82184
-1.92208 -0.707572 -1.69428
1.82975 0.742872 -1.82184
1.77157 0.915105 -1.78977
1.92208 0.707572 -1.69428
-1.89977 0.605615 -1.78977
-1.81912 0.76854 -1.82184
-1.85944 0.858787 -1.69428
0.605615 1.89977 -1.78977
0.76854 1.81912 -1.82184
0.858787 1.85944 -1.69428
-0.915105 1.77157 -1.78977
-0.742872 1.82975 -1.82184
-0.707572 1.92208 -1.69428
-0.260736 -2.01392 -1.72599
-0.435878 -1.96482 -1.75782
-0.529577 -2.01361 -1.63114
1.23969 -1.60842 -1.72599
1.08113 -1.69755 -1.75782
1.04937 -1.79831 -1.63114
-1.60842 -1.23969 -1.72599
-1.69755 -1.08113 -1.75782
-1.79831 -1.04937 -1.63114
2.01392 -0.260736 -1.72599
1.96482 -0.435878 -1.75782
2.01361 -0.529577 -1.63114
-1.96482 0.435878 -1.75782
-2.01392 0.260736 -1.72599
-2.01361 0.529577 -1.63114
1.60842 1.23969 -1.72599
1.69755 1.08113 -1.75782
1.79831 1.04937 -1.63114
-1.08113 1.69755 -1.75782
-1.23969 1.60842 -1.72599
-1.04937 1.79831 -1.63114
0.435878 1.96482 -1.75782
0.260736 2.01392 -1.72599
0.529577 2.01361 -1.63114
0.099383 -2.06314 -1.66264
-0.081847 -2.04673 -1.69426
-0.17802 -2.10668 -1.56837
1.52914 -1.38859 -1.66264
1.38938 -1.50513 -1.69426
1.36377 -1.61553 -1.56837
-1.38859 -1.52914 -1.66264
-1.50513 -1.38938 -1.69426
-1.61553 -1.36377 -1.56837
2.06314 0.099383 -1.66264
2.04673 -0.081847 -1.69426
2.10668 -0.17802 -1.56837
-2.06314 -0.099383 -1.66264
-2.04673 0.081847 -1.69426
-2.10668 0.17802 -1.56837
1.38859 1.52914 -1.66264
1.50513 1.38938 -1.69426
1.61553 1.36377 -1.56837
-1.52914 1.38859 -1.66264
-1.38938 1.50513 -1.69426
-1.36377 1.61553 -1.56837
-0.099383 2.06314 -1.66264
0.081847 2.04673 -1.69426
0.17802 2.10668 -1.56837
0.462641 -2.04687 -1.5997
0.281334 -2.06315 -1.63112
0.184531 -2.13663 -1.50595
-1.25993 -1.6578 -1.63112
-1.12022 -1.77449 -1.5997
-1.38034 -1.64131 -1.50595
1.77449 -1.12022 -1.5997
1.6578 -1.25993 -1.63112
1.64131 -1.38034 -1.50595
-2.06315 -0.281334 -1.63112
-2.04687 -0.462641 -1.5997
-2.13663 -0.184531 -1.50595
2.04687 0.462641 -1.5997
2.06315 0.281334 -1.63112
2.13663 0.184531 -1.50595
-1.6578 1.25993 -1.63112
-1.77449 1.12022 -1.5997
-1.64131 1.38034 -1.50595
1.12022 1.77449 -1.5997
1.25993 1.6578 -1.63112
1.38034 1.64131 -1.50595
-0.462641 2.04687 -1.5997
-0.281334 2.06315 -1.63112
-0.184531 2.13663 -1.50595
0.817419 -1.96659 -1.53711
0.641766 -2.01457 -1.56836
0.546891 -2.1034 -1.44384
-0.812588 -1.96859 -1.53711
-0.970717 -1.87831 -1.56836
-1.10062 -1.87404 -1.44384
1.87831 -0.970717 -1.56836
1.96859 -0.812588 -1.53711
1.87404 -1.10062 -1.44384
-1.96659 -0.817419 -1.53711
-2.01457 -0.641766 -1.56836
-2.1034 -0.546891 -1.44384
2.01457 0.641766 -1.56836
1.96659 0.817419 -1.53711
2.1034 0.546891 -1.44384
-1.96859 0.812588 -1.53711
-1.87831 0.970717 -1.56836
-1.87404 1.10062 -1.44384
0.970717 1.87831 -1.56836
0.812588 1.96859 -1.53711
1.10062 1.87404 -1.44384
-0.641766 2.01457 -1.56836
-0.817419 1.96659 -1.53711
-0.546891 2.1034 -1.44384
-0.475758 -2.10618 -1.47485
-0.647195 -2.0447 -1.50594
-0.785217 -2.05566 -1.38201
1.15288 -1.82571 -1.47485
0.988188 -1.90346 -1.50594
0.89834 -2.0088 -1.38201
-1.90346 -0.988188 -1.50594
-1.82571 -1.15288 -1.47485
-2.0088 -0.89834 -1.38201
2.10618 -0.475758 -1.47485
2.0447 -0.647195 -1.50594
2.05566 -0.785217 -1.38201
-2.0447 0.647195 -1.50594
-2.10618 0.475758 -1.47485
-2.05566 0.785217 -1.38201
1.82571 1.15288 -1.47485
1.90346 0.988188 -1.50594
2.0088 0.89834 -1.38201
-0.988188 1.90346 -1.50594
-1.15288 1.82571 -1.47485
-0.89834 2.0088 -1.38201
0.647195 2.0447 -1.50594
0.475758 2.10618 -1.47485
0.785217 2.05566 -1.38201
-0.120221 -2.18388 -1.41288
-0.299684 -2.15266 -1.44383
-0.443663 -2.18156 -1.32044
1.45923 -1.62925 -1.41288
1.31025 -1.73407 -1.44383
1.22888 -1.85631 -1.32044
-1.62925 -1.45923 -1.41288
-1.73407 -1.31025 -1.44383
-1.85631 -1.22888 -1.32044
2.18388 -0.120221 -1.41288
2.15266 -0.299684 -1.44383
2.18156 -0.443663 -1.32044
-2.15266 0.299684 -1.44383
-2.18388 0.120221 -1.41288
-2.18156 0.443663 -1.32044
1.73407 1.31025 -1.44383
1.62925 1.45923 -1.41288
1.85631 1.22888 -1.32044
-1.31025 1.73407 -1.44383
-1.45923 1.62925 -1.41288
-1.22888 1.85631 -1.32044
0.120221 2.18388 -1.41288
0.299684 2.15266 -1.44383
0.443663 2.18156 -1.32044
0.243408 -2.20018 -1.35119
0.0612245 -2.19974 -1.382
-0.0858657 -2.24882 -1.2591
-1.38365 -1.72788 -1.35119
-1.51216 -1.59874 -1.382
-1.65087 -1.52944 -1.2591
1.72788 -1.38365 -1.35119
1.59874 -1.51216 -1.382
1.52944 -1.65087 -1.2591
-2.20018 -0.243408 -1.35119
-2.19974 -0.0612245 -1.382
-2.24882 0.0858657 -1.2591
2.19974 0.0612245 -1.382
2.20018 0.243408 -1.35119
2.24882 -0.0858657 -1.2591
-1.72788 1.38365 -1.35119
-1.59874 1.51216 -1.382
-1.52944 1.65087 -1.2591
1.51216 1.59874 -1.382
1.38365 1.72788 -1.35119
1.65087 1.52944 -1.2591
-0.243408 2.20018 -1.35119
-0.0612245 2.19974 -1.382
0.0858657 2.24882 -1.2591
0.604679 -2.15533 -1.28973
0.424962 -2.18533 -1.32043
0.27816 -2.25622 -1.19797
-1.09648 -1.95162 -1.28973
-1.24477 -1.84575 -1.32043
-1.3987 -1.79208 -1.19797
1.95162 -1.09648 -1.28973
1.84575 -1.24477 -1.32043
1.79208 -1.3987 -1.19797
-2.15533 -0.604679 -1.28973
-2.18533 -0.424962 -1.32043
-2.25622 -0.27816 -1.19797
2.18533 0.424962 -1.32043
2.15533 0.604679 -1.28973
2.25622 0.27816 -1.19797
-1.95162 1.09648 -1.28973
-1.84575 1.24477 -1.32043
-1.79208 1.3987 -1.19797
1.24477 1.84575 -1.32043
1.09648 1.95162 -1.28973
1.3987 1.79208 -1.19797
-0.604679 2.15533 -1.28973
-0.424962 2.18533 -1.32043
-0.27816 2.25622 -1.19797
0.953572 -2.05126 -1.2285
0.781265 -2.11053 -1.25909
0.63855 -2.20417 -1.13704
-0.776183 -2.12474 -1.2285
-0.939932 -2.04481 -1.25909
-1.10706 -2.01011 -1.13704
2.04481 -0.939932 -1.25909
2.12474 -0.776183 -1.2285
2.01011 -1.10706 -1.13704
-2.05126 -0.953572 -1.2285
-2.11053 -0.781265 -1.25909
-2.20417 -0.63855 -1.13704
2.11053 0.781265 -1.25909
2.05126 0.953572 -1.2285
2.20417 0.63855 -1.13704
-2.04481 0.939932 -1.25909
-2.12474 0.776183 -1.2285
-2.01011 1.10706 -1.13704
0.939932 2.04481 -1.25909
0.776183 2.12474 -1.2285
1.10706 2.01011 -1.13704
-0.781265 2.11053 -1.25909
-0.953572 2.05126 -1.2285
-0.63855 2.20417 -1.13704
-0.431823 -2.24304 -1.16748
-0.606444 -2.19095 -1.19797
-0.784024 -2.17819 -1.07629
1.28072 -1.89141 -1.16748
1.12041 -1.97805 -1.19797
0.985825 -2.0946 -1.07629
-1.97805 -1.12041 -1.19797
-1.89141 -1.28072 -1.16748
-2.0946 -0.985825 -1.07629
2.24304 -0.431823 -1.16748
2.19095 -0.606444 -1.19797
2.17819 -0.784024 -1.07629
-2.19095 0.606444 -1.19797
-2.24304 0.431823 -1.16748
-2.17819 0.784024 -1.07629
1.89141 1.28072 -1.16748
1.97805 1.12041 -1.19797
2.0946 0.985825 -1.07629
-1.12041 1.97805 -1.19797
-1.28072 1.89141 -1.16748
-0.985825 2.0946 -1.07629
0.606444 2.19095 -1.19797
0.431823 2.24304 -1.16748
0.784024 2.17819 -1.07629
-0.0728095 -2.30391 -1.10664
-0.253566 -2.28077 -1.13704
-0.438236 -2.29241 -1.0157
1.57763 -1.68059 -1.10664
1.43345 -1.79204 -1.13704
1.3111 -1.93086 -1.0157
-1.68059 -1.57763 -1.10664
-1.79204 -1.43345 -1.13704
-1.93086 -1.3111 -1.0157
2.30391 -0.0728095 -1.10664
2.28077 -0.253566 -1.13704
2.29241 -0.438236 -1.0157
-2.30391 0.0728095 -1.10664
-2.28077 0.253566 -1.13704
-2.29241 0.438236 -1.0157
1.79204 1.43345 -1.13704
1.68059 1.57763 -1.10664
1.93086 1.3111 -1.0157
-1.57763 1.68059 -1.10664
-1.43345 1.79204 -1.13704
-1.3111 1.93086 -1.0157
0.253566 2.28077 -1.13704
0.0728095 2.30391 -1.10664
0.438236 2.29241 -1.0157
0.291336 -2.30628 -1.04598
0.109204 -2.31242 -1.07629
-0.0331846 -2.35421 -0.947792
-1.42478 -1.83679 -1.04598
-1.55791 -1.71235 -1.07629
-1.68814 -1.64121 -0.947792
1.71235 -1.55791 -1.07629
1.83679 -1.42478 -1.04598
1.64121 -1.68814 -0.947792
-2.30628 -0.291336 -1.04598
-2.31242 -0.109204 -1.07629
-2.35421 0.0331846 -0.947792
2.31242 0.109204 -1.07629
2.30628 0.291336 -1.04598
2.35421 -0.0331846 -0.947792
-1.83679 1.42478 -1.04598
-1.71235 1.55791 -1.07629
-1.64121 1.68814 -0.947792
1.55791 1.71235 -1.07629
1.42478 1.83679 -1.04598
1.68814 1.64121 -0.947792
-0.109204 2.31242 -1.07629
-0.291336 2.30628 -1.04598
0.0331846 2.35421 -0.947792
0.651215 -2.25058 -0.985465
0.472378 -2.28561 -1.0157
0.331063 -2.34776 -0.8875
-1.13092 -2.05188 -0.985465
-1.28215 -1.95019 -1.0157
-1.42602 -1.89422 -0.8875
1.95019 -1.28215 -1.0157
2.05188 -1.13092 -0.985465
1.89422 -1.42602 -0.8875
-2.25058 -0.651215 -0.985465
-2.28561 -0.472378 -1.0157
-2.34776 -0.331063 -0.8875
2.28561 0.472378 -1.0157
2.25058 0.651215 -0.985465
2.34776 0.331063 -0.8875
-1.95019 1.28215 -1.0157
-2.05188 1.13092 -0.985465
-1.89422 1.42602 -0.8875
1.28215 1.95019 -1.0157
1.13092 2.05188 -0.985465
1.42602 1.89422 -0.8875
-0.472378 2.28561 -1.0157
-0.651215 2.25058 -0.985465
-0.331063 2.34776 -0.8875
0.997769 -2.13867 -0.925097
0.826701 -2.2015 -0.955264
0.689857 -2.28445 -0.82733
-0.806743 -2.2178 -0.925097
-0.972127 -2.14126 -0.955264
-1.12755 -2.10316 -0.82733
2.14126 -0.972127 -0.955264
2.2178 -0.806743 -0.925097
2.10316 -1.12755 -0.82733
-2.2015 -0.826701 -0.955264
-2.13867 -0.997769 -0.925097
-2.28445 -0.689857 -0.82733
2.2015 0.826701 -0.955264
2.13867 0.997769 -0.925097
2.28445 0.689857 -0.82733
-2.14126 0.972127 -0.955264
-2.2178 0.806743 -0.925097
-2.10316 1.12755 -0.82733
0.972127 2.14126 -0.955264
0.806743 2.2178 -0.925097
1.12755 2.10316 -0.82733
-0.826701 2.2015 -0.955264
-0.997769 2.13867 -0.925097
-0.689857 2.28445 -0.82733
-0.460541 -2.33079 -0.86486
-0.635873 -2.28111 -0.894963
-0.800228 -2.26322 -0.767273
1.32247 -1.97377 -0.86486
1.16336 -2.06262 -0.894963
1.03449 -2.16619 -0.767273
-2.06262 -1.16336 -0.894963
-1.97377 -1.32247 -0.86486
-2.16619 -1.03449 -0.767273
2.33079 -0.460541 -0.86486
2.28111 -0.635873 -0.894963
2.26322 -0.800228 -0.767273
-2.28111 0.635873 -0.894963
-2.33079 0.460541 -0.86486
-2.26322 0.800228 -0.767273
1.97377 1.32247 -0.86486
2.06262 1.16336 -0.894963
2.16619 1.03449 -0.767273
-1.16336 2.06262 -0.894963
-1.32247 1.97377 -0.86486
-1.03449 2.16619 -0.767273
0.460541 2.33079 -0.86486
0.635873 2.28111 -0.894963
0.800228 2.26322 -0.767273
0.0811365 -2.39713 -0.774848
-0.100993 -2.38923 -0.804873
-0.289522 -2.37552 -0.797288
-0.452097 -2.37085 -0.707317
-0.137077 -2.42023 -0.654995
1.61802 -1.76085 -0.804873
1.7524 -1.63766 -0.774848
1.47502 -1.88447 -0.797288
1.35676 -1.99613 -0.707317
1.61444 -1.80829 -0.654995
-1.63766 -1.7524 -0.774848
-1.76085 -1.61802 -0.804873
-1.88447 -1.47502 -0.797288
-1.99613 -1.35676 -0.707317
-1.80829 -1.61444 -0.654995
2.38923 -0.100993 -0.804873
2.39713 0.0811365 -0.774848
2.37552 -0.289522 -0.797288
2.37085 -0.452097 -0.707317
2.42023 -0.137077 -0.654995
-2.39713 -0.0811365 -0.774848
-2.38923 0.100993 -0.804873
-2.37552 0.289522 -0.797288
-2.37085 0.452097 -0.707317
-2.42023 0.137077 -0.654995
1.76085 1.61802 -0.804873
1.63766 1.7524 -0.774848
1.88447 1.47502 -0.797288
1.99613 1.35676 -0.707317
1.80829 1.61444 -0.654995
-1.7524 1.63766 -0.774848
-1.61802 1.76085 -0.804873
-1.35676 1.99613 -0.707317
-1.47502 1.88447 -0.797288
-1.61444 1.80829 -0.654995
-0.0811365 2.39713 -0.774848
0.100993 2.38923 -0.804873
0.289522 2.37552 -0.797288
0.452097 2.37085 -0.707317
0.137077 2.42023 -0.654995
0.444523 -2.3706 -0.714873
0.263328 -2.39089 -0.744848
0.227342 -2.42462 -0.595196
-1.36194 -1.99059 -0.714873
-1.50442 -1.87682 -0.744848
-1.55371 -1.87522 -0.595196
1.99059 -1.36194 -0.714873
1.87682 -1.50442 -0.744848
1.87522 -1.55371 -0.595196
-2.39089 -0.263328 -0.744848
-2.3706 -0.444523 -0.714873
-2.42462 -0.227342 -0.595196
2.3706 0.444523 -0.714873
2.39089 0.263328 -0.744848
2.42462 0.227342 -0.595196
-1.87682 1.50442 -0.744848
-1.99059 1.36194 -0.714873
-1.87522 1.55371 -0.595196
1.36194 1.99059 -0.714873
1.50442 1.87682 -0.744848
1.55371 1.87522 -0.595196
-0.263328 2.39089 -0.744848
-0.444523 2.3706 -0.714873
-0.227342 2.42462 -0.595196
0.799567 -2.28852 -0.654992
0.62361 -2.33639 -0.684921
0.588223 -2.37349 -0.535472
-1.05285 -2.18361 -0.654992
-1.21112 -2.09304 -0.684921
-1.26237 -2.09424 -0.535472
2.18361 -1.05285 -0.654992
2.09304 -1.21112 -0.684921
2.09424 -1.26237 -0.535472
-2.28852 -0.799567 -0.654992
-2.33639 -0.62361 -0.684921
-2.37349 -0.588223 -0.535472
2.28852 0.799567 -0.654992
2.33639 0.62361 -0.684921
2.37349 0.588223 -0.535472
-2.09304 1.21112 -0.684921
-2.18361 1.05285 -0.654992
-2.09424 1.26237 -0.535472
1.05285 2.18361 -0.654992
1.21112 2.09304 -0.684921
1.26237 2.09424 -0.535472
-0.62361 2.33639 -0.684921
-0.799567 2.28852 -0.654992
-0.588223 2.37349 -0.535472
0.971329 -2.22729 -0.625083
1.13793 -2.15311 -0.595194
0.937217 -2.26823 -0.475815
-0.717838 -2.32711 -0.595194
-0.888101 -2.26177 -0.625083
-0.941167 -2.26659 -0.475815
2.32711 -0.717838 -0.595194
2.26177 -0.888101 -0.625083
2.26659 -0.941167 -0.475815
-2.15311 -1.13793 -0.595194
-2.22729 -0.971329 -0.625083
-2.26823 -0.937217 -0.475815
2.15311 1.13793 -0.595194
2.22729 0.971329 -0.625083
2.26823 0.937217 -0.475815
-2.32711 0.717838 -0.595194
-2.26177 0.888101 -0.625083
-2.26659 0.941167 -0.475815
0.717838 2.32711 -0.595194
0.888101 2.26177 -0.625083
0.941167 2.26659 -0.475815
-1.13793 2.15311 -0.595194
-0.971329 2.22729 -0.625083
-0.937217 2.26823 -0.475815
-0.364849 -2.41797 -0.53547
-0.543085 -2.37926 -0.565323
-0.597588 -2.38846 -0.416214
1.45177 -1.96775 -0.53547
1.29838 -2.06641 -0.565323
1.26634 -2.11146 -0.416214
-1.96775 -1.45177 -0.53547
-2.06641 -1.29838 -0.565323
-2.11146 -1.26634 -0.416214
2.41797 -0.364849 -0.53547
2.37926 -0.543085 -0.565323
2.38846 -0.597588 -0.416214
-2.41797 0.364849 -0.53547
-2.37926 0.543085 -0.565323
-2.38846 0.597588 -0.416214
2.06641 1.29838 -0.565323
1.96775 1.45177 -0.53547
2.11146 1.26634 -0.416214
-1.45177 1.96775 -0.53547
-1.29838 2.06641 -0.565323
-1.26634 2.11146 -0.416214
0.543085 2.37926 -0.565323
0.364849 2.41797 -0.53547
0.597588 2.38846 -0.416214
-0.00213245 -2.45427 -0.475812
-0.184189 -2.443 -0.505633
-0.239552 -2.45722 -0.356664
1.73392 -1.73694 -0.475812
1.59722 -1.85771 -0.505633
1.56813 -1.90691 -0.356664
-1.73694 -1.73392 -0.475812
-1.85771 -1.59722 -0.505633
-1.90691 -1.56813 -0.356664
2.443 -0.184189 -0.505633
2.45427 -0.00213245 -0.475812
2.45722 -0.239552 -0.356664
-2.45427 0.00213245 -0.475812
-2.443 0.184189 -0.505633
-2.45722 0.239552 -0.356664
1.85771 1.59722 -0.505633
1.73694 1.73392 -0.475812
1.90691 1.56813 -0.356664
-1.59722 1.85771 -0.505633
-1.73392 1.73694 -0.475812
-1.56813 1.90691 -0.356664
0.184189 2.443 -0.505633
0.00213245 2.45427 -0.475812
0.239552 2.45722 -0.356664
0.361936 -2.43537 -0.416213
0.180251 -2.45171 -0.446006
0.12477 -2.47145 -0.297157
-1.46614 -1.978 -0.416213
-1.60616 -1.86108 -0.446006
-1.65935 -1.8358 -0.297157
1.978 -1.46614 -0.416213
1.86108 -1.60616 -0.446006
1.8358 -1.65935 -0.297157
-2.45171 -0.180251 -0.446006
-2.43537 -0.361936 -0.416213
-2.47145 -0.12477 -0.297157
2.43537 0.361936 -0.416213
2.45171 0.180251 -0.446006
2.47145 0.12477 -0.297157
-1.86108 1.60616 -0.446006
-1.978 1.46614 -0.416213
-1.8358 1.65935 -0.297157
1.46614 1.978 -0.416213
1.60616 1.86108 -0.446006
1.65935 1.8358 -0.297157
-0.180251 2.45171 -0.446006
-0.361936 2.43537 -0.416213
-0.12477 2.47145 -0.297157
0.719034 -2.36188 -0.356663
0.541865 -2.40536 -0.386432
0.48713 -2.43094 -0.237684
-1.16167 -2.17853 -0.356663
-1.31769 -2.084 -0.386432
-1.37448 -2.06339 -0.237684
2.17853 -1.16167 -0.356663
2.084 -1.31769 -0.386432
2.06339 -1.37448 -0.237684
-2.40536 -0.541865 -0.386432
-2.36188 -0.719034 -0.356663
-2.43094 -0.48713 -0.237684
2.36188 0.719034 -0.356663
2.40536 0.541865 -0.386432
2.43094 0.48713 -0.237684
-2.084 1.31769 -0.386432
-2.17853 1.16167 -0.356663
-2.06339 1.37448 -0.237684
1.16167 2.17853 -0.356663
1.31769 2.084 -0.386432
1.37448 2.06339 -0.237684
-0.541865 2.40536 -0.386432
-0.719034 2.36188 -0.356663
-0.48713 2.43094 -0.237684
1.06107 -2.2356 -0.297155
0.892423 -2.30518 -0.326904
0.839376 -2.33671 -0.178239
-0.830516 -2.3311 -0.297155
-0.998967 -2.26104 -0.326904
-1.05878 -2.24583 -0.178239
2.3311 -0.830516 -0.297155
2.26104 -0.998967 -0.326904
2.24583 -1.05878 -0.178239
-2.2356 -1.06107 -0.297155
-2.30518 -0.892423 -0.326904
-2.33671 -0.839376 -0.178239
2.2356 1.06107 -0.297155
2.30518 0.892423 -0.326904
2.33671 0.839376 -0.178239
-2.3311 0.830516 -0.297155
-2.26104 0.998967 -0.326904
-2.24583 1.05878 -0.178239
0.998967 2.26104 -0.326904
0.830516 2.3311 -0.297155
1.05878 2.24583 -0.178239
-1.06107 2.2356 -0.297155
-0.892423 2.30518 -0.326904
-0.839376 2.33671 -0.178239
-0.480233 -2.43234 -0.237683
-0.65728 -2.38829 -0.267415
-0.719364 -2.37911 -0.118814
1.22401 -2.15355 -0.267415
1.38035 -2.0595 -0.237683
1.17362 -2.19095 -0.118814
-2.0595 -1.38035 -0.237683
-2.15355 -1.22401 -0.267415
-2.19095 -1.17362 -0.118814
2.43234 -0.480233 -0.237683
2.38829 -0.65728 -0.267415
2.37911 -0.719364 -0.118814
-2.43234 0.480233 -0.237683
-2.38829 0.65728 -0.267415
-2.37911 0.719364 -0.118814
2.0595 1.38035 -0.237683
2.15355 1.22401 -0.267415
2.19095 1.17362 -0.118814
-1.22401 2.15355 -0.267415
-1.38035 2.0595 -0.237683
-1.17362 2.19095 -0.118814
0.480233 2.43234 -0.237683
0.65728 2.38829 -0.267415
0.719364 2.37911 -0.118814
-0.118738 -2.48008 -0.178238
-0.300384 -2.46299 -0.207957
-0.363865 -2.46027 -0.0594038
1.66972 -1.83764 -0.178238
1.52919 -1.954 -0.207957
1.48239 -1.99697 -0.0594038
-1.83764 -1.66972 -0.178238
-1.954 -1.52919 -0.207957
-1.99697 -1.48239 -0.0594038
2.48008 -0.118738 -0.178238
2.46299 -0.300384 -0.207957
2.46027 -0.363865 -0.0594038
-2.48008 0.118738 -0.178238
-2.46299 0.300384 -0.207957
-2.46027 0.363865 -0.0594038
1.83764 1.66972 -0.178238
1.954 1.52919 -0.207957
1.99697 1.48239 -0.0594038
-1.66972 1.83764 -0.178238
-1.52919 1.954 -0.207957
-1.48239 1.99697 -0.0594038
0.118738 2.48008 -0.178238
0.300384 2.46299 -0.207957
0.363865 2.46027 -0.0594038
0.245843 -2.47332 -0.118814
0.0636763 -2.48352 -0.148524
-0.000235955 -2.48755 0.0
1.80114 -1.71109 -0.148524
1.92274 -1.57506 -0.118814
1.7588 -1.75913 0.0
-1.57506 -1.92274 -0.118814
-1.71109 -1.80114 -0.148524
-1.75913 -1.7588 0.0
2.47332 0.245843 -0.118814
2.48352 0.0636763 -0.148524
2.48755 -0.000235955 0.0
-2.47332 -0.245843 -0.118814
-2.48352 -0.0636763 -0.148524
-2.48755 0.000235955 0.0
1.57506 1.92274 -0.118814
1.71109 1.80114 -0.148524
1.75913 1.7588 0.0
-1.92274 1.57506 -0.118814
-1.80114 1.71109 -0.148524
-1.7588 1.75913 0.0
-0.245843 2.47332 -0.118814
-0.0636763 2.48352 -0.148524
0.000235955 2.48755 0.0
0.605345 -2.41226 -0.0594035
0.426734 -2.44952 -0.0891074
0.363398 -2.46034 0.0594038
-1.27768 -2.13377 -0.0594035
-1.43032 -2.03382 -0.0891074
-1.48276 -1.99669 0.0594038
2.13377 -1.27768 -0.0594035
2.03382 -1.43032 -0.0891074
1.99669 -1.48276 0.0594038
-2.41226 -0.605345 -0.0594035
-2.44952 -0.426734 -0.0891074
-2.46034 -0.363398 0.0594038
2.41226 0.605345 -0.0594035
2.44952 0.426734 -0.0891074
2.46034 0.363398 0.0594038
-2.13377 1.27768 -0.0594035
-2.03382 1.43032 -0.0891074
-1.99669 1.48276 0.0594038
1.27768 2.13377 -0.0594035
1.43032 2.03382 -0.0891074
1.48276 1.99669 0.0594038
-0.605345 2.41226 -0.0594035
-0.426734 2.44952 -0.0891074
-0.363398 2.46034 0.0594038
0.951735 -2.29831 0.0
0.78067 -2.36176 -0.0297013
0.718913 -2.37924 0.118814
-0.952171 -2.29813 0.0
-1.118 -2.22204 -0.0297013
-1.17403 -2.19073 0.118814
2.29813 -0.952171 0.0
2.22204 -1.118 -0.0297013
2.19073 -1.17403 0.118814
-2.36176 -0.78067 -0.0297013
-2.29831 -0.951735 0.0
-2.37924 -0.718913 0.118814
2.36176 0.78067 -0.0297013
2.29831 0.951735 0.0
2.37924 0.718913 0.118814
-2.22204 1.118 -0.0297013
-2.29813 0.952171 0.0
-2.19073 1.17403 0.118814
1.118 2.22204 -0.0297013
0.952171 2.29813 0.0
1.17403 2.19073 0.118814
-0.78067 2.36176 -0.0297013
-0.951735 2.29831 0.0
-0.718913 2.37924 0.118814
-0.605802 -2.41215 0.0594035
-0.781118 -2.36161 0.0297013
-0.839819 -2.33655 0.178239
1.27728 -2.13401 0.0594035
1.11758 -2.22225 0.0297013
1.05835 -2.24603 0.178239
-2.13401 -1.27728 0.0594035
-2.22225 -1.11758 0.0297013
-2.24603 -1.05835 0.178239
2.41215 -0.605802 0.0594035
2.36161 -0.781118 0.0297013
2.33655 -0.839819 0.178239
-2.41215 0.605802 0.0594035
-2.36161 0.781118 0.0297013
-2.33655 0.839819 0.178239
2.13401 1.27728 0.0594035
2.22225 1.11758 0.0297013
2.24603 1.05835 0.178239
-1.11758 2.22225 0.0297013
-1.27728 2.13401 0.0594035
-1.05835 2.24603 0.178239
0.605802 2.41215 0.0594035
0.781118 2.36161 0.0297013
0.839819 2.33655 0.178239
-0.246312 -2.47327 0.118814
-0.427199 -2.44943 0.0891074
-0.487592 -2.43085 0.237684
1.5747 -1.92304 0.118814
1.42994 -2.03409 0.0891074
1.37409 -2.06365 0.237684
-1.92304 -1.5747 0.118814
-2.03409 -1.42994 0.0891074
-2.06365 -1.37409 0.237684
2.47327 -0.246312 0.118814
2.44943 -0.427199 0.0891074
2.43085 -0.487592 0.237684
-2.47327 0.246312 0.118814
-2.44943 0.427199 0.0891074
-2.43085 0.487592 0.237684
1.92304 1.5747 0.118814
2.03409 1.42994 0.0891074
2.06365 1.37409 0.237684
-1.42994 2.03409 0.0891074
-1.5747 1.92304 0.118814
-1.37409 2.06365 0.237684
0.246312 2.47327 0.118814
0.427199 2.44943 0.0891074
0.487592 2.43085 0.237684
0.118268 -2.4801 0.178238
-0.0641475 -2.48351 0.148524
-0.125239 -2.47142 0.297157
1.71075 -1.80147 0.148524
1.83733 -1.67007 0.178238
1.659 -1.83612 0.297157
-1.67007 -1.83733 0.178238
-1.80147 -1.71075 0.148524
-1.83612 -1.659 0.297157
2.4801 0.118268 0.178238
2.48351 -0.0641475 0.148524
2.47142 -0.125239 0.297157
-2.48351 0.0641475 0.148524
-2.4801 -0.118268 0.178238
-2.47142 0.125239 0.297157
1.67007 1.83733 0.178238
1.80147 1.71075 0.148524
1.83612 1.659 0.297157
-1.71075 1.80147 0.148524
-1.83733 1.67007 0.178238
-1.659 1.83612 0.297157
-0.118268 2.4801 0.178238
0.0641475 2.48351 0.148524
0.125239 2.47142 0.297157
0.479772 -2.43243 0.237683
0.299917 -2.46304 0.207957
0.239086 -2.45727 0.356664
-1.38074 -2.05924 0.237683
-1.52956 -1.95371 0.207957
-1.56849 -1.90661 0.356664
2.05924 -1.38074 0.237683
1.95371 -1.52956 0.207957
1.90661 -1.56849 0.356664
-2.43243 -0.479772 0.237683
-2.46304 -0.299917 0.207957
-2.45727 -0.239086 0.356664
2.46304 0.299917 0.207957
2.43243 0.479772 0.237683
2.45727 0.239086 0.356664
-2.05924 1.38074 0.237683
-1.95371 1.52956 0.207957
-1.90661 1.56849 0.356664
1.52956 1.95371 0.207957
1.38074 2.05924 0.237683
1.56849 1.90661 0.356664
-0.299917 2.46304 0.207957
-0.479772 2.43243 0.237683
-0.239086 2.45727 0.356664
0.830074 -2.33125 0.297155
0.656827 -2.38842 0.267415
0.597135 -2.38857 0.416214
-1.22442 -2.15331 0.267415
-1.06149 -2.2354 0.297155
-1.26674 -2.11122 0.416214
2.2354 -1.06149 0.297155
2.15331 -1.22442 0.267415
2.11122 -1.26674 0.416214
-2.38842 -0.656827 0.267415
-2.33125 -0.830074 0.297155
-2.38857 -0.597135 0.416214
2.33125 0.830074 0.297155
2.38842 0.656827 0.267415
2.38857 0.597135 0.416214
-2.15331 1.22442 0.267415
-2.2354 1.06149 0.297155
-2.11122 1.26674 0.416214
1.06149 2.2354 0.297155
1.22442 2.15331 0.267415
1.26674 2.11122 0.416214
-0.830074 2.33125 0.297155
-0.656827 2.38842 0.267415
-0.597135 2.38857 0.416214
0.998538 -2.26123 0.326904
1.16125 -2.17876 0.356663
0.940737 -2.26677 0.475815
-0.719482 -2.36174 0.356663
-0.89286 -2.30501 0.326904
-0.937648 -2.26805 0.475815
2.30501 -0.89286 0.326904
2.36174 -0.719482 0.356663
2.26805 -0.937648 0.475815
-2.17876 -1.16125 0.356663
-2.26123 -0.998538 0.326904
-2.26677 -0.940737 0.475815
2.26123 0.998538 0.326904
2.17876 1.16125 0.356663
2.26677 0.940737 0.475815
-2.36174 0.719482 0.356663
-2.30501 0.89286 0.326904
-2.26805 0.937648 0.475815
0.719482 2.36174 0.356663
0.89286 2.30501 0.326904
0.937648 2.26805 0.475815
-1.16125 2.17876 0.356663
-0.998538 2.26123 0.326904
-0.940737 2.26677 0.475815
-0.362398 -2.43531 0.416213
-0.542321 -2.40526 0.386432
-0.588673 -2.37337 0.535472
1.3173 -2.08425 0.386432
1.46577 -1.97827 0.416213
1.26197 -2.09448 0.535472
-1.97827 -1.46577 0.416213
-2.08425 -1.3173 0.386432
-2.09448 -1.26197 0.535472
2.40526 -0.542321 0.386432
2.43531 -0.362398 0.416213
2.37337 -0.588673 0.535472
-2.43531 0.362398 0.416213
-2.40526 0.542321 0.386432
-2.37337 0.588673 0.535472
2.08425 1.3173 0.386432
1.97827 1.46577 0.416213
2.09448 1.26197 0.535472
-1.46577 1.97827 0.416213
-1.3173 2.08425 0.386432
-1.26197 2.09448 0.535472
0.362398 2.43531 0.416213
0.542321 2.40526 0.386432
0.588673 2.37337 0.535472
0.00166685 -2.45427 0.475812
-0.180716 -2.45168 0.446006
-0.227802 -2.42458 0.595196
1.73661 -1.73425 0.475812
1.60581 -1.86138 0.446006
1.55336 -1.87552 0.595196
-1.86138 -1.60581 0.446006
-1.73425 -1.73661 0.475812
-1.87552 -1.55336 0.595196
2.45427 0.00166685 0.475812
2.45168 -0.180716 0.446006
2.42458 -0.227802 0.595196
-2.45168 0.180716 0.446006
-2.45427 -0.00166685 0.475812
-2.42458 0.227802 0.595196
1.73425 1.73661 0.475812
1.86138 1.60581 0.446006
1.87552 1.55336 0.595196
-1.60581 1.86138 0.446006
-1.73661 1.73425 0.475812
-1.55336 1.87552 0.595196
0.180716 2.45168 0.446006
-0.00166685 2.45427 0.475812
0.227802 2.42458 0.595196
0.36439 -2.41804 0.53547
0.183725 -2.44304 0.505633
0.136617 -2.42026 0.654995
-1.45215 -1.96747 0.53547
-1.59758 -1.8574 0.505633
-1.61478 -1.80799 0.654995
1.96747 -1.45215 0.53547
1.8574 -1.59758 0.505633
1.80799 -1.61478 0.654995
-2.41804 -0.36439 0.53547
-2.44304 -0.183725 0.505633
-2.42026 -0.136617 0.654995
2.44304 0.183725 0.505633
2.41804 0.36439 0.53547
2.42026 0.136617 0.654995
-1.96747 1.45215 0.53547
-1.8574 1.59758 0.505633
-1.80799 1.61478 0.654995
1.59758 1.8574 0.505633
1.45215 1.96747 0.53547
1.61478 1.80799 0.654995
-0.36439 2.41804 0.53547
-0.183725 2.44304 0.505633
-0.136617 2.42026 0.654995
0.717397 -2.32725 0.595194
0.542634 -2.37937 0.565323
0.451648 -2.37094 0.707317
-1.13834 -2.15289 0.595194
-1.29877 -2.06617 0.565323
-1.35714 -1.99587 0.707317
2.15289 -1.13834 0.595194
2.06617 -1.29877 0.565323
1.99587 -1.35714 0.707317
-2.32725 -0.717397 0.595194
-2.37937 -0.542634 0.565323
-2.37094 -0.451648 0.707317
2.37937 0.542634 0.565323
2.32725 0.717397 0.595194
2.37094 0.451648 0.707317
-2.15289 1.13834 0.595194
-2.06617 1.29877 0.565323
-1.99587 1.35714 0.707317
1.29877 2.06617 0.565323
1.13834 2.15289 0.595194
1.35714 1.99587 0.707317
-0.717397 2.32725 0.595194
-0.542634 2.37937 0.565323
-0.451648 2.37094 0.707317
0.887672 -2.26194 0.625083
1.05244 -2.18381 0.654992
0.799798 -2.26338 0.767273
-0.800001 -2.28837 0.654992
-0.971752 -2.22711 0.625083
-1.03491 -2.16599 0.767273
2.22711 -0.971752 0.625083
2.28837 -0.800001 0.654992
2.16599 -1.03491 0.767273
-2.18381 -1.05244 0.654992
-2.26194 -0.887672 0.625083
-2.26338 -0.799798 0.767273
2.18381 1.05244 0.654992
2.26194 0.887672 0.625083
2.26338 0.799798 0.767273
-2.28837 0.800001 0.654992
-2.22711 0.971752 0.625083
-2.16599 1.03491 0.767273
0.800001 2.28837 0.654992
0.971752 2.22711 0.625083
1.03491 2.16599 0.767273
-1.05244 2.18381 0.654992
-0.887672 2.26194 0.625083
-0.799798 2.26338 0.767273
-0.444973 -2.37051 0.714873
-0.624053 -2.33627 0.684921
-0.690291 -2.28432 0.82733
1.36156 -1.99085 0.714873
1.21072 -2.09327 0.684921
1.12715 -2.10337 0.82733
-2.09327 -1.21072 0.684921
-1.99085 -1.36156 0.714873
-2.10337 -1.12715 0.82733
2.37051 -0.444973 0.714873
2.33627 -0.624053 0.684921
2.28432 -0.690291 0.82733
-2.33627 0.624053 0.684921
-2.37051 0.444973 0.714873
-2.28432 0.690291 0.82733
2.09327 1.21072 0.684921
1.99085 1.36156 0.714873
2.10337 1.12715 0.82733
-1.21072 2.09327 0.684921
-1.36156 1.99085 0.714873
-1.12715 2.10337 0.82733
0.624053 2.33627 0.684921
0.444973 2.37051 0.714873
0.690291 2.28432 0.82733
-0.0815912 -2.39712 0.774848
-0.263781 -2.39084 0.744848
-0.331508 -2.3477 0.8875
1.63733 -1.75271 0.774848
1.50406 -1.8771 0.744848
1.42566 -1.89449 0.8875
-1.8771 -1.50406 0.744848
-1.75271 -1.63733 0.774848
-1.89449 -1.42566 0.8875
2.39712 -0.0815912 0.774848
2.39084 -0.263781 0.744848
2.3477 -0.331508 0.8875
-2.39084 0.263781 0.744848
-2.39712 0.0815912 0.774848
-2.3477 0.331508 0.8875
1.75271 1.63733 0.774848
1.8771 1.50406 0.744848
1.89449 1.42566 0.8875
-1.50406 1.8771 0.744848
-1.63733 1.75271 0.774848
-1.42566 1.89449 0.8875
0.263781 2.39084 0.744848
0.0815912 2.39712 0.774848
0.331508 2.3477 0.8875
0.289071 -2.37558 0.797288
0.10054 -2.38924 0.804873
0.032738 -2.35421 0.947792
1.76054 -1.61836 0.804873
1.88419 -1.47538 0.797288
1.68783 -1.64153 0.947792
-1.47538 -1.88419 0.797288
-1.61836 -1.76054 0.804873
-1.64153 -1.68783 0.947792
2.38924 0.10054 0.804873
2.37558 0.289071 0.797288
2.35421 0.032738 0.947792
-2.37558 -0.289071 0.797288
-2.38924 -0.10054 0.804873
-2.35421 -0.032738 0.947792
1.61836 1.76054 0.804873
1.47538 1.88419 0.797288
1.64153 1.68783 0.947792
-1.88419 1.47538 0.797288
-1.76054 1.61836 0.804873
-1.68783 1.64153 0.947792
-0.10054 2.38924 0.804873
-0.289071 2.37558 0.797288
-0.032738 2.35421 0.947792
0.460099 -2.33088 0.86486
-1.32284 -1.97352 0.86486
1.97352 -1.32284 0.86486
-2.33088 -0.460099 0.86486
2.33088 0.460099 0.86486
-1.97352 1.32284 0.86486
1.32284 1.97352 0.86486
-0.460099 2.33088 0.86486
0.806322 -2.21795 0.925097
0.63544 -2.28123 0.894963
0.437801 -2.29249 1.0157
-0.998174 -2.13849 0.925097
-1.16375 -2.0624 0.894963
-1.31146 -1.93061 1.0157
2.0624 -1.16375 0.894963
2.13849 -0.998174 0.925097
1.93061 -1.31146 1.0157
-2.21795 -0.806322 0.925097
-2.28123 -0.63544 0.894963
-2.29249 -0.437801 1.0157
2.28123 0.63544 0.894963
2.21795 0.806322 0.925097
2.29249 0.437801 1.0157
-2.0624 1.16375 0.894963
-2.13849 0.998174 0.925097
-1.93061 1.31146 1.0157
1.16375 2.0624 0.894963
0.998174 2.13849 0.925097
1.31146 1.93061 1.0157
-0.63544 2.28123 0.894963
-0.806322 2.21795 0.925097
-0.437801 2.29249 1.0157
-0.651642 -2.25045 0.985465
-0.827118 -2.20134 0.955264
-0.986222 -2.09442 1.07629
1.13053 -2.05209 0.985465
0.97172 -2.14144 0.955264
0.783611 -2.17834 1.07629
-2.14144 -0.97172 0.955264
-2.05209 -1.13053 0.985465
-2.17834 -0.783611 1.07629
2.25045 -0.651642 0.985465
2.20134 -0.827118 0.955264
2.09442 -0.986222 1.07629
-2.20134 0.827118 0.955264
-2.25045 0.651642 0.985465
-2.09442 0.986222 1.07629
2.05209 1.13053 0.985465
2.14144 0.97172 0.955264
2.17834 0.783611 1.07629
-0.97172 2.14144 0.955264
-1.13053 2.05209 0.985465
-0.783611 2.17834 1.07629
0.651642 2.25045 0.985465
0.827118 2.20134 0.955264
0.986222 2.09442 1.07629
-0.291774 -2.30622 1.04598
-0.472811 -2.28552 1.0157
-0.638968 -2.20405 1.13704
1.42443 -1.83706 1.04598
1.28178 -1.95044 1.0157
1.10668 -2.01032 1.13704
-1.95044 -1.28178 1.0157
-1.83706 -1.42443 1.04598
-2.01032 -1.10668 1.13704
2.30622 -0.291774 1.04598
2.28552 -0.472811 1.0157
2.20405 -0.638968 1.13704
-2.28552 0.472811 1.0157
-2.30622 0.291774 1.04598
-2.20405 0.638968 1.13704
1.83706 1.42443 1.04598
1.95044 1.28178 1.0157
2.01032 1.10668 1.13704
-1.28178 1.95044 1.0157
-1.42443 1.83706 1.04598
-1.10668 2.01032 1.13704
0.291774 2.30622 1.04598
0.472811 2.28552 1.0157
0.638968 2.20405 1.13704
0.0723724 -2.30392 1.10664
-0.109642 -2.3124 1.07629
-0.278588 -2.25617 1.19797
1.68029 -1.57794 1.10664
1.55759 -1.71265 1.07629
1.39836 -1.79234 1.19797
-1.57794 -1.68029 1.10664
-1.71265 -1.55759 1.07629
-1.79234 -1.39836 1.19797
2.3124 -0.109642 1.07629
2.30392 0.0723724 1.10664
2.25617 -0.278588 1.19797
-2.30392 -0.0723724 1.10664
-2.3124 0.109642 1.07629
-2.25617 0.278588 1.19797
1.71265 1.55759 1.07629
1.57794 1.68029 1.10664
1.79234 1.39836 1.19797
-1.68029 1.57794 1.10664
-1.55759 1.71265 1.07629
-1.39836 1.79234 1.19797
-0.0723724 2.30392 1.10664
0.109642 2.3124 1.07629
0.278588 2.25617 1.19797
0.431397 -2.24312 1.16748
0.253134 -2.28081 1.13704
0.0854391 -2.24883 1.2591
-1.28108 -1.89117 1.16748
-1.43379 -1.79177 1.13704
-1.52975 -1.65058 1.2591
1.89117 -1.28108 1.16748
1.79177 -1.43379 1.13704
1.65058 -1.52975 1.2591
-2.28081 -0.253134 1.13704
-2.24312 -0.431397 1.16748
-2.24883 -0.0854391 1.2591
2.24312 0.431397 1.16748
2.28081 0.253134 1.13704
2.24883 0.0854391 1.2591
-1.79177 1.43379 1.13704
-1.89117 1.28108 1.16748
-1.65058 1.52975 1.2591
1.28108 1.89117 1.16748
1.43379 1.79177 1.13704
1.52975 1.65058 1.2591
-0.253134 2.28081 1.13704
-0.431397 2.24312 1.16748
-0.0854391 2.24883 1.2591
0.775779 -2.12488 1.2285
0.606028 -2.19106 1.19797
0.443249 -2.18164 1.32044
-0.953961 -2.05108 1.2285
-1.12079 -1.97784 1.19797
-1.22923 -1.85608 1.32044
2.05108 -0.953961 1.2285
1.97784 -1.12079 1.19797
1.85608 -1.22923 1.32044
-2.19106 -0.606028 1.19797
-2.12488 -0.775779 1.2285
-2.18164 -0.443249 1.32044
2.12488 0.775779 1.2285
2.19106 0.606028 1.19797
2.18164 0.443249 1.32044
-1.97784 1.12079 1.19797
-2.05108 0.953961 1.2285
-1.85608 1.22923 1.32044
1.12079 1.97784 1.19797
0.953961 2.05108 1.2285
1.22923 1.85608 1.32044
-0.606028 2.19106 1.19797
-0.775779 2.12488 1.2285
-0.443249 2.18164 1.32044
-0.605088 -2.15522 1.28973
-0.781665 -2.11038 1.25909
-0.898721 -2.00863 1.38201
1.09611 -1.95183 1.28973
0.939545 -2.04499 1.25909
0.784827 -2.05581 1.38201
-1.95183 -1.09611 1.28973
-2.04499 -0.939545 1.25909
-2.05581 -0.784827 1.38201
2.15522 -0.605088 1.28973
2.11038 -0.781665 1.25909
2.00863 -0.898721 1.38201
-2.15522 0.605088 1.28973
-2.11038 0.781665 1.25909
-2.00863 0.898721 1.38201
2.04499 0.939545 1.25909
1.95183 1.09611 1.28973
2.05581 0.784827 1.38201
-1.09611 1.95183 1.28973
-0.939545 2.04499 1.25909
-0.784827 2.05581 1.38201
0.781665 2.11038 1.25909
0.605088 2.15522 1.28973
0.898721 2.00863 1.38201
-0.243825 -2.20013 1.35119
-0.425377 -2.18525 1.32043
-0.547291 -2.1033 1.44384
1.38332 -1.72814 1.35119
1.24442 -1.84599 1.32043
1.10026 -1.87425 1.44384
-1.72814 -1.38332 1.35119
-1.84599 -1.24442 1.32043
-1.87425 -1.10026 1.44384
2.20013 -0.243825 1.35119
2.18525 -0.425377 1.32043
2.1033 -0.547291 1.44384
-2.20013 0.243825 1.35119
-2.18525 0.425377 1.32043
-2.1033 0.547291 1.44384
1.84599 1.24442 1.32043
1.72814 1.38332 1.35119
1.87425 1.10026 1.44384
-1.38332 1.72814 1.35119
-1.24442 1.84599 1.32043
-1.10026 1.87425 1.44384
0.425377 2.18525 1.32043
0.243825 2.20013 1.35119
0.547291 2.1033 1.44384
0.119806 -2.18391 1.41288
-0.0616418 -2.19973 1.382
-0.184936 -2.13659 1.50595
1.62897 -1.45954 1.41288
1.51185 -1.59903 1.382
1.38003 -1.64157 1.50595
-1.45954 -1.62897 1.41288
-1.59903 -1.51185 1.382
-1.64157 -1.38003 1.50595
2.19973 -0.0616418 1.382
2.18391 0.119806 1.41288
2.13659 -0.184936 1.50595
-2.18391 -0.119806 1.41288
-2.19973 0.0616418 1.382
-2.13659 0.184936 1.50595
1.59903 1.51185 1.382
1.45954 1.62897 1.41288
1.64157 1.38003 1.50595
-1.51185 1.59903 1.382
-1.62897 1.45954 1.41288
-1.38003 1.64157 1.50595
0.0616418 2.19973 1.382
-0.119806 2.18391 1.41288
0.184936 2.13659 1.50595
0.475358 -2.10627 1.47485
0.299275 -2.15272 1.44383
0.177621 -2.10672 1.56837
-1.15323 -1.82549 1.47485
-1.31058 -1.73382 1.44383
-1.36408 -1.61527 1.56837
1.82549 -1.15323 1.47485
1.73382 -1.31058 1.44383
1.61527 -1.36408 1.56837
-2.15272 -0.299275 1.44383
-2.10627 -0.475358 1.47485
-2.10672 -0.177621 1.56837
2.10627 0.475358 1.47485
2.15272 0.299275 1.44383
2.10672 0.177621 1.56837
-1.73382 1.31058 1.44383
-1.82549 1.15323 1.47485
-1.61527 1.36408 1.56837
1.15323 1.82549 1.47485
1.31058 1.73382 1.44383
1.36408 1.61527 1.56837
-0.299275 2.15272 1.44383
-0.475358 2.10627 1.47485
-0.177621 2.10672 1.56837
0.812214 -1.96875 1.53711
0.646807 -2.04483 1.50594
0.529195 -2.01372 1.63114
-0.817792 -1.96644 1.53711
-0.988549 -1.90327 1.50594
-1.04971 -1.79811 1.63114
1.96644 -0.817792 1.53711
1.90327 -0.988549 1.50594
1.79811 -1.04971 1.63114
-2.04483 -0.646807 1.50594
-1.96875 -0.812214 1.53711
-2.01372 -0.529195 1.63114
1.96875 0.812214 1.53711
2.04483 0.646807 1.50594
2.01372 0.529195 1.63114
-1.90327 0.988549 1.50594
-1.96644 0.817792 1.53711
-1.79811 1.04971 1.63114
0.988549 1.90327 1.50594
0.817792 1.96644 1.53711
1.04971 1.79811 1.63114
-0.646807 2.04483 1.50594
-0.812214 1.96875 1.53711
-0.529195 2.01372 1.63114
-0.463029 -2.04678 1.5997
-0.642148 -2.01445 1.56836
-0.707936 -1.92195 1.69428
1.11988 -1.7747 1.5997
0.970361 -1.8785 1.56836
0.858434 -1.85961 1.69428
-1.7747 -1.11988 1.5997
-1.8785 -0.970361 1.56836
-1.85961 -0.858434 1.69428
2.01445 -0.642148 1.56836
2.04678 -0.463029 1.5997
1.92195 -0.707936 1.69428
-2.04678 0.463029 1.5997
-2.01445 0.642148 1.56836
-1.92195 0.707936 1.69428
1.8785 0.970361 1.56836
1.7747 1.11988 1.5997
1.85961 0.858434 1.69428
-1.11988 1.7747 1.5997
-0.970361 1.8785 1.56836
-0.858434 1.85961 1.69428
0.642148 2.01445 1.56836
0.463029 2.04678 1.5997
0.707936 1.92195 1.69428
-0.0997744 -2.06313 1.66264
-0.281726 -2.0631 1.63112
-0.349555 -1.98178 1.75784
1.25962 -1.65804 1.63112
1.3883 -1.5294 1.66264
1.15416 -1.6485 1.75784
-1.5294 -1.3883 1.66264
-1.65804 -1.25962 1.63112
-1.6485 -1.15416 1.75784
2.06313 -0.0997744 1.66264
2.0631 -0.281726 1.63112
1.98178 -0.349555 1.75784
-2.06313 0.0997744 1.66264
-2.0631 0.281726 1.63112
-1.98178 0.349555 1.75784
1.5294 1.3883 1.66264
1.65804 1.25962 1.63112
1.6485 1.15416 1.75784
-1.25962 1.65804 1.63112
-1.3883 1.5294 1.66264
-1.15416 1.6485 1.75784
0.0997744 2.06313 1.66264
0.281726 2.0631 1.63112
0.349555 1.98178 1.75784
0.260354 -2.01397 1.72599
0.0814588 -2.04675 1.69426
-0.0317489 -1.97927 1.81353
1.50487 -1.38967 1.69426
1.60819 -1.23999 1.72599
1.3771 -1.422 1.81353
-1.23999 -1.60819 1.72599
-1.38967 -1.50487 1.69426
-1.422 -1.3771 1.81353
2.01397 0.260354 1.72599
2.04675 0.0814588 1.69426
1.97927 -0.0317489 1.81353
-2.01397 -0.260354 1.72599
-2.04675 -0.0814588 1.69426
-1.97927 0.0317489 1.81353
1.23999 1.60819 1.72599
1.38967 1.50487 1.69426
1.422 1.3771 1.81353
-1.60819 1.23999 1.72599
-1.50487 1.38967 1.69426
-1.3771 1.422 1.81353
-0.260354 2.01397 1.72599
-0.0814588 2.04675 1.69426
0.0317489 1.97927 1.81353
0.605255 -1.89988 1.78977
0.435505 -1.96491 1.75782
0.325184 -1.9132 1.87797
-0.915441 -1.7714 1.78977
-1.08145 -1.69735 1.75782
-1.12289 -1.58277 1.87797
1.7714 -0.915441 1.78977
1.69735 -1.08145 1.75782
1.58277 -1.12289 1.87797
-1.89988 -0.605255 1.78977
-1.96491 -0.435505 1.75782
-1.9132 -0.325184 1.87797
1.89988 0.605255 1.78977
1.96491 0.435505 1.75782
1.9132 0.325184 1.87797
-1.7714 0.915441 1.78977
-1.69735 1.08145 1.75782
-1.58277 1.12289 1.87797
0.915441 1.7714 1.78977
1.08145 1.69735 1.75782
1.12289 1.58277 1.87797
-0.605255 1.89988 1.78977
-0.435505 1.96491 1.75782
-0.325184 1.9132 1.87797
0.768195 -1.81927 1.82184
0.922688 -1.72371 1.85404
0.662776 -1.78018 1.94298
-0.566405 -1.87128 1.85404
-0.743219 -1.82961 1.82184
-0.790121 -1.72743 1.94298
1.87128 -0.566405 1.85404
1.82961 -0.743219 1.82184
1.72743 -0.790121 1.94298
-1.72371 -0.922688 1.85404
-1.81927 -0.768195 1.82184
-1.78018 -0.662776 1.94298
1.72371 0.922688 1.85404
1.81927 0.768195 1.82184
1.78018 0.662776 1.94298
-1.87128 0.566405 1.85404
-1.82961 0.743219 1.82184
-1.72743 0.790121 1.94298
0.566405 1.87128 1.85404
0.743219 1.82961 1.82184
0.790121 1.72743 1.94298
-0.922688 1.72371 1.85404
-0.768195 1.81927 1.82184
-0.662776 1.78018 1.94298
-0.199553 -1.92445 1.88606
-0.38641 -1.8959 1.88638
-0.435688 -1.80425 2.00864
1.21969 -1.5019 1.88606
1.06737 -1.61384 1.88638
0.967723 -1.58388 2.00864
-1.5019 -1.21969 1.88606
-1.61384 -1.06737 1.88638
-1.58388 -0.967723 2.00864
1.8959 -0.38641 1.88638
1.92445 -0.199553 1.88606
1.80425 -0.435688 2.00864
-1.8959 0.38641 1.88638
-1.92445 0.199553 1.88606
-1.80425 0.435688 2.00864
1.61384 1.06737 1.88638
1.5019 1.21969 1.88606
1.58388 0.967723 2.00864
-1.06737 1.61384 1.88638
-1.21969 1.5019 1.88606
-0.967723 1.58388 2.00864
0.199553 1.92445 1.88606
0.38641 1.8959 1.88638
0.435688 1.80425 2.00864
-0.0236825 -1.89256 1.95088
1.3215 -1.35499 1.95088
-1.35499 -1.3215 1.95088
1.89256 -0.0236825 1.95088
-1.89256 0.0236825 1.95088
1.35499 1.3215 1.95088
-1.3215 1.35499 1.95088
0.0236825 1.89256 1.95088
0.331349 -1.8198 2.01658
0.155694 -1.86505 1.98364
-0.0279856 -1.80391 2.08303
-1.05249 -1.52109 2.01658
-1.2087 -1.42888 1.98364
-1.29534 -1.25577 2.08303
1.52109 -1.05249 2.01658
1.42888 -1.2087 1.98364
1.25577 -1.29534 2.08303
-1.8198 -0.331349 2.01658
-1.86505 -0.155694 1.98364
-1.80391 0.0279856 2.08303
1.8198 0.331349 2.01658
1.86505 0.155694 1.98364
1.80391 -0.0279856 2.08303
-1.52109 1.05249 2.01658
-1.42888 1.2087 1.98364
-1.25577 1.29534 2.08303
1.2087 1.42888 1.98364
1.05249 1.52109 2.01658
1.29534 1.25577 2.08303
-0.331349 1.8198 2.01658
-0.155694 1.86505 1.98364
0.0279856 1.80391 2.08303
0.664505 -1.67743 2.08301
0.501625 -1.75713 2.0497
0.325558 -1.72548 2.15031
-0.716242 -1.656 2.08301
-0.887777 -1.59718 2.0497
-0.989893 -1.4503 2.15031
1.656 -0.716242 2.08301
1.59718 -0.887777 2.0497
1.4503 -0.989893 2.15031
-1.67743 -0.664505 2.08301
-1.75713 -0.501625 2.0497
-1.72548 -0.325558 2.15031
1.75713 0.501625 2.0497
1.67743 0.664505 2.08301
1.72548 0.325558 2.15031
-1.656 0.716242 2.08301
-1.59718 0.887777 2.0497
-1.4503 0.989893 2.15031
0.887777 1.59718 2.0497
0.716242 1.656 2.08301
0.989893 1.4503 2.15031
-0.501625 1.75713 2.0497
-0.664505 1.67743 2.08301
-0.325558 1.72548 2.15031
-0.359599 -1.71888 2.15028
-0.53951 -1.69684 2.11653
-0.650454 -1.57581 2.21855
0.961157 -1.46971 2.15028
0.818354 -1.58134 2.11653
0.654323 -1.5742 2.21855
-1.46971 -0.961157 2.15028
-1.58134 -0.818354 2.11653
-1.5742 -0.654323 2.21855
1.71888 -0.359599 2.15028
1.69684 -0.53951 2.11653
1.57581 -0.650454 2.21855
-1.69684 0.53951 2.11653
-1.71888 0.359599 2.15028
-1.57581 0.650454 2.21855
1.46971 0.961157 2.15028
1.58134 0.818354 2.11653
1.5742 0.654323 2.21855
-0.818354 1.58134 2.11653
-0.961157 1.46971 2.15028
-0.654323 1.5742 2.21855
0.53951 1.69684 2.11653
0.359599 1.71888 2.15028
0.650454 1.57581 2.21855
0.00205103 -1.705 2.21852
-0.178314 -1.72174 2.18427
-0.292167 -1.62433 2.28792
1.20707 -1.20417 2.21852
1.09136 -1.34354 2.18427
0.94198 -1.35517 2.28792
-1.34354 -1.09136 2.18427
-1.20417 -1.20707 2.21852
-1.35517 -0.94198 2.28792
1.705 0.00205103 2.21852
1.72174 -0.178314 2.18427
1.62433 -0.292167 2.28792
-1.72174 0.178314 2.18427
-1.705 -0.00205103 2.21852
-1.62433 0.292167 2.28792
1.20417 1.20707 2.21852
1.34354 1.09136 2.18427
1.35517 0.94198 2.28792
-1.09136 1.34354 2.18427
-1.20707 1.20417 2.21852
-0.94198 1.35517 2.28792
-0.00205103 1.705 2.21852
0.178314 1.72174 2.18427
0.292167 1.62433 2.28792
0.351691 -1.6128 2.28787
0.179553 -1.66865 2.25304
0.0673742 -1.591 2.3586
-1.05295 -1.30688 2.25304
-0.891735 -1.3891 2.28787
-1.07737 -1.17265 2.3586
1.3891 -0.891735 2.28787
1.30688 -1.05295 2.25304
1.17265 -1.07737 2.3586
-1.66865 -0.179553 2.25304
-1.6128 -0.351691 2.28787
-1.591 -0.0673742 2.3586
1.6128 0.351691 2.28787
1.66865 0.179553 2.25304
1.591 0.0673742 2.3586
-1.30688 1.05295 2.25304
-1.3891 0.891735 2.28787
-1.17265 1.07737 2.3586
0.891735 1.3891 2.28787
1.05295 1.30688 2.25304
1.07737 1.17265 2.3586
-0.351691 1.6128 2.28787
-0.179553 1.66865 2.25304
-0.0673742 1.591 2.3586
0.671219 -1.44449 2.35854
0.516448 -1.53783 2.32302
0.367572 -1.49365 2.42089
-0.546783 -1.49603 2.35854
-0.722224 -1.45259 2.32302
-0.796257 -1.31608 2.42089
1.45259 -0.722224 2.32302
1.49603 -0.546783 2.35854
1.31608 -0.796257 2.42089
-1.44449 -0.671219 2.35854
-1.53783 -0.516448 2.32302
-1.49365 -0.367572 2.42089
1.53783 0.516448 2.32302
1.44449 0.671219 2.35854
1.49365 0.367572 2.42089
-1.49603 0.546783 2.35854
-1.45259 0.722224 2.32302
-1.31608 0.796257 2.42089
0.722224 1.45259 2.32302
0.546783 1.49603 2.35854
0.796257 1.31608 2.42089
-0.516448 1.53783 2.32302
-0.671219 1.44449 2.35854
-0.367572 1.49365 2.42089
-0.187024 -1.51949 2.43077
-0.367431 -1.51859 2.39443
-0.447434 -1.40449 2.49459
0.942195 -1.20669 2.43077
0.813991 -1.33362 2.39443
0.676741 -1.30951 2.49459
-1.33362 -0.813991 2.39443
-1.20669 -0.942195 2.43077
-1.30951 -0.676741 2.49459
1.51949 -0.187024 2.43077
1.51859 -0.367431 2.39443
1.40449 -0.447434 2.49459
-1.51859 0.367431 2.39443
-1.51949 0.187024 2.43077
-1.40449 0.447434 2.49459
1.20669 0.942195 2.43077
1.33362 0.813991 2.39443
1.30951 0.676741 2.49459
-0.813991 1.33362 2.39443
-0.942195 1.20669 2.43077
-0.676741 1.30951 2.49459
0.367431 1.51859 2.39443
0.187024 1.51949 2.43077
0.447434 1.40449 2.49459
0.180929 -1.47852 2.476
-0.00785339 -1.49832 2.46757
-0.0882303 -1.40226 2.57051
1.17341 -0.917533 2.476
1.05392 -1.06503 2.46757
0.929161 -1.05394 2.57051
-0.917533 -1.17341 2.476
-1.06503 -1.05392 2.46757
-1.05394 -0.929161 2.57051
1.47852 0.180929 2.476
1.49832 -0.00785339 2.46757
1.40226 -0.0882303 2.57051
-1.47852 -0.180929 2.476
-1.49832 0.00785339 2.46757
-1.40226 0.0882303 2.57051
1.06503 1.05392 2.46757
0.917533 1.17341 2.476
1.05394 0.929161 2.57051
-1.17341 0.917533 2.476
-1.05392 1.06503 2.46757
-0.929161 1.05394 2.57051
-0.180929 1.47852 2.476
0.00785339 1.49832 2.46757
0.0882303 1.40226 2.57051
0.334749 -1.38927 2.541
-0.745661 -1.21907 2.541
1.21907 -0.745661 2.541
-1.38927 -0.334749 2.541
1.38927 0.334749 2.541
-1.21907 0.745661 2.541
0.745661 1.21907 2.541
-0.334749 1.38927 2.541
0.638249 -1.19894 2.61838
0.493073 -1.30428 2.57933
0.297828 -1.28645 2.65828
-0.396467 -1.29909 2.61838
-0.573611 -1.27092 2.57933
-0.699062 -1.12025 2.65828
1.27092 -0.573611 2.57933
1.29909 -0.396467 2.61838
1.12025 -0.699062 2.65828
-1.19894 -0.638249 2.61838
-1.30428 -0.493073 2.57933
-1.28645 -0.297828 2.65828
1.30428 0.493073 2.57933
1.19894 0.638249 2.61838
1.28645 0.297828 2.65828
-1.27092 0.573611 2.57933
-1.29909 0.396467 2.61838
-1.12025 0.699062 2.65828
0.573611 1.27092 2.57933
0.396467 1.29909 2.61838
0.699062 1.12025 2.65828
-0.493073 1.30428 2.57933
-0.638249 1.19894 2.61838
-0.297828 1.28645 2.65828
-0.0394702 -1.28097 2.69893
-0.217082 -1.30279 2.6582
-0.349093 -1.19022 2.74079
0.877872 -0.933691 2.69893
0.767708 -1.07471 2.6582
0.594769 -1.08846 2.74079
-0.933691 -0.877872 2.69893
-1.07471 -0.767708 2.6582
-1.08846 -0.594769 2.74079
1.28097 -0.0394702 2.69893
1.30279 -0.217082 2.6582
1.19022 -0.349093 2.74079
-1.30279 0.217082 2.6582
-1.28097 0.0394702 2.69893
-1.19022 0.349093 2.74079
1.07471 0.767708 2.6582
0.933691 0.877872 2.69893
1.08846 0.594769 2.74079
-0.767708 1.07471 2.6582
-0.877872 0.933691 2.69893
-0.594769 1.08846 2.74079
0.217082 1.30279 2.6582
0.0394702 1.28097 2.69893
0.349093 1.19022 2.74079
0.295834 -1.16086 2.78362
0.133103 -1.23358 2.74066
0.004073 -1.15257 2.82816
-0.611669 -1.03004 2.78362
-0.778158 -0.966394 2.74066
-0.812107 -0.817867 2.82816
0.966394 -0.778158 2.74066
1.03004 -0.611669 2.78362
0.817867 -0.812107 2.82816
-1.16086 -0.295834 2.78362
-1.23358 -0.133103 2.74066
-1.15257 -0.004073 2.82816
1.23358 0.133103 2.74066
1.16086 0.295834 2.78362
1.15257 0.004073 2.82816
-1.03004 0.611669 2.78362
-0.966394 0.778158 2.74066
-0.817867 0.812107 2.82816
0.778158 0.966394 2.74066
0.611669 1.03004 2.78362
0.812107 0.817867 2.82816
-0.133103 1.23358 2.74066
-0.295834 1.16086 2.78362
-0.004073 1.15257 2.82816
0.445185 -1.06371 2.82791
0.575841 -0.944238 2.87396
0.287235 -1.02817 2.90717
-0.260496 -1.07486 2.87396
-0.437361 -1.06695 2.82791
-0.523917 -0.930129 2.90717
1.06695 -0.437361 2.82791
1.07486 -0.260496 2.87396
0.930129 -0.523917 2.90717
-0.944238 -0.575841 2.87396
-1.06371 -0.445185 2.82791
-1.02817 -0.287235 2.90717
0.944238 0.575841 2.87396
1.06371 0.445185 2.82791
1.02817 0.287235 2.90717
-1.06695 0.437361 2.82791
-1.07486 0.260496 2.87396
-0.930129 0.523917 2.90717
0.260496 1.07486 2.87396
0.437361 1.06695 2.82791
0.523917 0.930129 2.90717
-0.445185 1.06371 2.82791
-0.575841 0.944238 2.87396
-0.287235 1.02817 2.90717
0.0996039 -1.02449 2.94404
-0.0850875 -1.05273 2.92189
-0.175218 -0.948041 3.0083
0.684224 -0.804556 2.92189
0.794851 -0.65399 2.94404
0.546468 -0.794265 3.0083
-0.65399 -0.794851 2.94404
-0.804556 -0.684224 2.92189
-0.794265 -0.546468 3.0083
1.05273 -0.0850875 2.92189
1.02449 0.0996039 2.94404
0.948041 -0.175218 3.0083
-1.02449 -0.0996039 2.94404
-1.05273 0.0850875 2.92189
-0.948041 0.175218 3.0083
0.804556 0.684224 2.92189
0.65399 0.794851 2.94404
0.794265 0.546468 3.0083
-0.794851 0.65399 2.94404
-0.684224 0.804556 2.92189
-0.546468 0.794265 3.0083
0.0850875 1.05273 2.92189
-0.0996039 1.02449 2.94404
0.175218 0.948041 3.0083
0.237035 -0.916351 3.01937
-0.480349 -0.815567 3.01937
0.815567 -0.480349 3.01937
-0.916351 -0.237035 3.01937
0.916351 0.237035 3.01937
-0.815567 0.480349 3.01937
0.480349 0.815567 3.01937
-0.237035 0.916351 3.01937
-0.138407 -0.819707 3.13547
-0.308351 -0.835681 3.07498
-0.441268 -0.704071 3.13547
0.18583 -0.809877 3.13547
0.372879 -0.808953 3.07498
0.481752 -0.677489 3.13547
-0.677489 -0.481752 3.13547
-0.808953 -0.372879 3.07498
-0.809877 -0.18583 3.13547
0.835681 -0.308351 3.07498
0.704071 -0.441268 3.13547
0.819707 -0.138407 3.13547
-0.819707 0.138407 3.13547
-0.835681 0.308351 3.07498
-0.704071 0.441268 3.13547
0.808953 0.372879 3.07498
0.809877 0.18583 3.13547
0.677489 0.481752 3.13547
-0.481752 0.677489 3.13547
-0.372879 0.808953 3.07498
-0.18583 0.809877 3.13547
0.308351 0.835681 3.07498
0.441268 0.704071 3.13547
0.138407 0.819707 3.13547
0.0224203 -0.767447 3.2016
-0.111757 -0.691274 3.27724
0.161712 -0.68266 3.27724
-0.368366 -0.597061 3.27724
-0.526813 -0.55852 3.2016
-0.567829 -0.409781 3.27724
0.409781 -0.567829 3.27724
0.55852 -0.526813 3.2016
0.597061 -0.368366 3.27724
-0.767447 -0.0224203 3.2016
-0.68266 -0.161712 3.27724
-0.691274 0.111757 3.27724
0.691274 -0.111757 3.27724
0.767447 0.0224203 3.2016
0.68266 0.161712 3.27724
-0.55852 0.526813 3.2016
-0.597061 0.368366 3.27724
-0.409781 0.567829 3.27724
0.567829 0.409781 3.27724
0.526813 0.55852 3.2016
0.368366 0.597061 3.27724
-0.0224203 0.767447 3.2016
-0.161712 0.68266 3.27724
0.111757 0.691274 3.27724
-0.0454994 -0.566665 3.42799
-0.21074 -0.594178 3.36398
-0.304648 -0.479992 3.42799
0.123987 -0.554824 3.42799
0.271132 -0.569163 3.36398
0.368519 -0.432865 3.42799
-0.432865 -0.368519 3.42799
-0.569163 -0.271132 3.36398
-0.554824 -0.123987 3.42799
0.594178 -0.21074 3.36398
0.479992 -0.304648 3.42799
0.566665 -0.0454994 3.42799
-0.566665 0.0454994 3.42799
-0.594178 0.21074 3.36398
-0.479992 0.304648 3.42799
0.569163 0.271132 3.36398
0.554824 0.123987 3.42799
0.432865 0.368519 3.42799
-0.368519 0.432865 3.42799
-0.271132 0.569163 3.36398
-0.123987 0.554824 3.42799
0.21074 0.594178 3.36398
0.304648 0.479992 3.42799
0.0454994 0.566665 3.42799
0.042953 -0.471288 3.56647
-0.302879 -0.363623 3.56647
0.363623 -0.302879 3.56647
-0.471288 -0.042953 3.56647
0.471288 0.042953 3.56647
-0.363623 0.302879 3.56647
0.302879 0.363623 3.56647
-0.042953 0.471288 3.56647
0.108302 -0.406908 3.71471
-0.0564045 -0.417657 3.71471
-0.211146 -0.364309 3.71471
-0.335212 -0.255444 3.71471
0.364309 -0.211146 3.71471
0.255444 -0.335212 3.71471
-0.406908 -0.108302 3.71471
-0.417657 0.0564045 3.71471
0.417657 -0.0564045 3.71471
0.406908 0.108302 3.71471
-0.255444 0.335212 3.71471
-0.364309 0.211146 3.71471
0.335212 0.255444 3.71471
0.211146 0.364309 3.71471
0.0564045 0.417657 3.71471
-0.108302 0.406908 3.71471
0.141486 0.341395 3.87724
-0.141357 0.341448 3.87724
0.341448 0.141357 3.87724
-0.341395 0.141486 3.87724
0.341395 -0.141486 3.87724
-0.341448 -0.141357 3.87724
0.141357 -0.341448 3.87724
-0.141486 -0.341395 3.87724
7.03273e-05 0.370711 3.87724
-0.262082 0.262182 3.87724
0.262182 0.262082 3.87724
-0.370711 7.03273e-05 3.87724
0.370711 -7.03273e-05 3.87724
-0.262182 -0.262082 3.87724
0.262082 -0.262182 3.87724
-7.03273e-05 -0.370711 3.87724
-0.211013 0.364376 4.03977
0.25557300000000005 0.33513800000000005 4.03977
0.10844500000000001 0.40686100000000003 4.03977
-0.10845032730000002 -0.406887 4.03977
-0.25557300000000005 -0.33513800000000005 4.03977
0.211027 -0.36439900000000003 4.03977
0.05625497269999998 -0.417668 4.03977
-0.417695 -0.056261300000000014 4.03977
-0.364376 -0.211013 4.03977
0.406887 -0.10845032730000001 4.03977
0.335114 -0.25555800000000006 4.03977
-0.33513800000000005 0.25557300000000005 4.03977
-0.40686100000000003 0.10844500000000001 4.03977
0.364376 0.211013 4.03977
0.417668 0.0562549727 4.03977
-0.056261300000000014 0.417695 4.03977
0.10837232730000002 -0.406908 -4.03977
-0.05633417269999998 -0.417657 -4.03977
-0.21109599999999995 -0.364359 -4.03977
-0.33516199999999996 -0.255494 -4.03977
0.364359 -0.21109599999999995 -4.03977
0.255494 -0.33516199999999996 -4.03977
-0.406908 -0.10837232730000004 -4.03977
-0.417657 0.05633417269999997 -4.03977
0.417657 -0.056334172700000004 -4.03977
0.406908 0.1083723273 -4.03977
-0.255494 0.33516199999999996 -4.03977
-0.364359 0.21109599999999995 -4.03977
0.33516199999999996 0.255494 -4.03977
0.21109599999999995 0.364359 -4.03977
0.05633417269999995 0.417657 -4.03977
-0.10837232730000006 0.406908 -4.03977