6914 7056
6915 7057
6918 7058
6920 7059
6926 7060
6927 7061
6928 7062
6929 7063
6804 7064
6805 7065
6936 7066
6937 7067
6811 7068
6812 7069
6939 7070
6940 7071
6942 7072
6943 7073
6818 7074
6820 7075
6821 7076
6822 7077
6828 7078
6829 7079
6834 7080
6835 7081
6838 7082
6840 7083
6846 7084
6847 7085
6848 7086
6849 7087
6856 7088
6857 7089
6859 7090
6860 7091
6861 7092
6862 7093
6868 7094
6870 7095
6871 7096
6872 7097
6878 7098
6879 7099
6881 7100
6882 7101
6888 7102
6889 7103
6891 7104
6892 7105
6898 7106
6900 7107
6901 7108
6902 7109
6908 7110
6909 7111
