0 6999
1 6998
2 6997
3 6996
4 6995
5 6994
6 6993
7 6992
8 6991
9 6990
10 6989
11 6988
12 6987
13 6986
435 6985
439 6984
442 6983
447 6982
451 6981
455 6980
459 6979
462 6978
465 6977
471 6976
474 6975
479 6974
483 6973
487 6972
1737 6971
1740 6970
1750 6968
1752 6969
1760 6967
1763 6966
1778 6964
1780 6965
1792 6962
1794 6963
1806 6961
1808 6960
1820 6958
1822 6959
1830 6956
1833 6957
1843 6954
1851 6955
1862 6952
1864 6953
1872 6951
1875 6950
1890 6948
1892 6949
1904 6946
1906 6947
1918 6944
1920 6945
