1793 7000
1921 7001
1795 7002
1804 7003
1805 7004
1807 7005
1809 7006
1818 7007
1819 7008
1821 7009
1823 7010
1829 7011
1831 7012
1832 7013
1834 7014
1844 7015
1845 7016
1919 7017
1849 7018
1850 7019
1860 7020
1861 7021
1863 7022
1736 7023
1865 7024
1738 7025
1739 7026
1741 7027
1871 7028
1873 7029
1874 7030
1748 7031
1749 7032
1876 7033
1751 7034
1753 7035
1759 7036
1888 7037
1761 7038
1762 7039
1889 7040
1764 7041
1891 7042
1893 7043
1902 7044
1903 7045
1776 7046
1777 7047
1905 7048
1779 7049
1907 7050
1781 7051
1916 7052
1917 7053
1790 7054
1791 7055
