RUNNING THE L-BFGS-B CODE

it    = iteration number
nf    = number of function evaluations
nseg  = number of segments explored during the Cauchy search
nact  = number of active bounds at the generalized Cauchy point
sub   = manner in which the subspace minimization terminated:
        con = converged, bnd = a bound was reached
itls  = number of iterations performed in the line search
stepl = step length used
tstep = norm of the displacement (total step)
projg = norm of the projected gradient
f     = function value

           * * *

Machine precision = 2.220D-16
 N =         4200     M =            5

   it   nf  nseg  nact  sub  itls  stepl    tstep     projg        f
    0    1     -     -   -     -     -        -     3.633D+02  6.750D+04
    1    3     1     0  ---    1  6.1D-04  5.0D+00  2.372D+02  3.319D+04
    2    4     0     0  con    0  1.0D+00  1.1D+01  3.605D+01  1.552D+03
    3    5     0     0  con    0  1.0D+00  1.4D+00  2.448D+01  8.275D+02
    4    6     0     0  con    0  1.0D+00  2.6D+00  3.924D+01  2.741D+02
    5    7     0     0  con    0  1.0D+00  1.5D+00  9.674D+01  2.356D+02
    6    8     0     0  con    0  1.0D+00  4.4D-01  1.785D+01  1.321D+02
    7    9     0     0  con    0  1.0D+00  4.1D-01  7.513D+00  9.811D+01
    8   10     0     0  con    0  1.0D+00  6.9D-01  1.377D+01  6.706D+01
    9   11     0     0  con    0  1.0D+00  7.9D-01  1.315D+01  4.002D+01
   10   12     0     0  con    0  1.0D+00  1.0D+00  2.057D+01  3.742D+01
   11   13     0     0  con    0  1.0D+00  2.3D-01  4.239D+00  2.148D+01
   12   14     0     0  con    0  1.0D+00  1.2D-01  1.687D+00  1.870D+01
   13   15     0     0  con    0  1.0D+00  3.7D-01  4.788D+00  1.407D+01
   14   16     0     0  con    0  1.0D+00  4.8D-01  1.205D+01  1.257D+01
   15   17     0     0  con    0  1.0D+00  9.1D-02  3.087D+00  9.371D+00
   16   18     0     0  con    0  1.0D+00  1.1D-01  1.315D+00  8.191D+00
   17   19     0     0  con    0  1.0D+00  1.7D-01  2.339D+00  7.119D+00
   18   20     0     0  con    0  1.0D+00  2.7D-01  2.034D+00  5.500D+00
   19   22     0     0  con    1  4.8D-01  2.2D-01  4.401D+00  4.794D+00
   20   23     0     0  con    0  1.0D+00  1.9D-01  8.339D-01  3.888D+00
   21   24     0     0  con    0  1.0D+00  1.4D-01  5.851D-01  3.332D+00
   22   25     0     0  con    0  1.0D+00  2.0D-01  2.860D+00  2.801D+00
   23   26     0     0  con    0  1.0D+00  1.3D-01  9.936D-01  2.325D+00
   24   27     0     0  con    0  1.0D+00  7.9D-02  8.672D-01  2.002D+00
   25   28     0     0  con    0  1.0D+00  1.3D-01  2.113D+00  1.705D+00
   26   29     0     0  con    0  1.0D+00  8.7D-02  1.449D+00  1.488D+00
   27   30     0     0  con    0  1.0D+00  5.6D-02  1.043D+00  1.329D+00
   28   31     0     0  con    0  1.0D+00  1.4D-01  1.242D+00  1.124D+00
   29   32     0     0  con    0  1.0D+00  1.3D-01  2.639D+00  1.012D+00
   30   33     0     0  con    0  1.0D+00  1.8D-02  1.033D+00  8.906D-01
   31   34     0     0  con    0  1.0D+00  7.4D-02  5.492D-01  7.530D-01
   32   35     0     0  con    0  1.0D+00  7.6D-02  8.640D-01  6.683D-01
   33   36     0     0  con    0  1.0D+00  1.7D-01  1.907D+00  6.416D-01
   34   37     0     0  con    0  1.0D+00  3.8D-02  2.215D-01  4.903D-01
   35   38     0     0  con    0  1.0D+00  1.7D-02  1.610D-01  4.626D-01
   36   39     0     0  con    0  1.0D+00  5.0D-02  4.163D-01  3.964D-01
   37   41     0     0  con    1  4.8D-01  5.5D-02  7.422D-01  3.585D-01
   38   42     0     0  con    0  1.0D+00  5.8D-02  2.787D-01  3.136D-01
   39   43     0     0  con    0  1.0D+00  6.8D-02  2.939D-01  2.767D-01
   40   44     0     0  con    0  1.0D+00  5.9D-02  8.155D-01  2.548D-01
   41   45     0     0  con    0  1.0D+00  1.9D-02  2.814D-01  2.343D-01
   42   46     0     0  con    0  1.0D+00  3.0D-02  2.977D-01  2.086D-01
   43   47     0     0  con    0  1.0D+00  3.3D-02  4.714D-01  1.882D-01
   44   48     0     0  con    0  1.0D+00  8.2D-02  6.261D-01  1.597D-01
   45   49     0     0  con    0  1.0D+00  3.4D-02  2.564D-01  1.371D-01
   46   50     0     0  con    0  1.0D+00  2.7D-02  3.021D-01  1.208D-01
   47   51     0     0  con    0  1.0D+00  4.0D-02  3.994D-01  1.042D-01
   48   52     0     0  con    0  1.0D+00  6.4D-02  3.365D-01  8.177D-02
   49   53     0     0  con    0  1.0D+00  5.3D-02  1.760D-01  5.994D-02
   50   54     0     0  con    0  1.0D+00  9.2D-02  3.169D-01  3.528D-02
   51   55     0     0  con    0  1.0D+00  4.8D-02  4.203D-01  1.861D-02
   52   56     0     0  con    0  1.0D+00  1.5D-02  1.608D-01  5.494D-03
   53   57     0     0  con    0  1.0D+00  4.9D-02  2.511D-01 -1.418D-02
   54   58     0     0  con    0  1.0D+00  7.2D-02  9.910D-01 -2.307D-02
   55   59     0     0  con    0  1.0D+00  1.4D-02  4.402D-01 -3.601D-02
   56   60     0     0  con    0  1.0D+00  4.5D-02  1.397D-01 -4.839D-02
   57   61     0     0  con    0  1.0D+00  3.7D-02  2.700D-01 -5.608D-02
   58   62     0     0  con    0  1.0D+00  8.7D-02  2.027D-01 -6.904D-02
   59   63     0     0  con    0  1.0D+00  5.6D-02  3.507D-01 -8.096D-02
   60   64     0     0  con    0  1.0D+00  1.5D-02  9.949D-02 -8.935D-02
   61   65     0     0  con    0  1.0D+00  3.0D-02  3.126D-01 -1.055D-01
   62   66     0     0  con    0  1.0D+00  3.9D-02  4.687D-01 -1.170D-01
   63   67     0     0  con    0  1.0D+00  6.5D-02  1.512D-01 -1.312D-01
   64   68     0     0  con    0  1.0D+00  5.6D-02  1.652D-01 -1.426D-01
   65   69     0     0  con    0  1.0D+00  6.7D-02  5.627D-01 -1.460D-01
   66   70     0     0  con    0  1.0D+00  1.3D-02  6.025D-02 -1.544D-01
   67   71     0     0  con    0  1.0D+00  7.7D-03  1.059D-01 -1.580D-01
   68   72     0     0  con    0  1.0D+00  1.7D-02  2.413D-01 -1.648D-01
   69   73     0     0  con    0  1.0D+00  3.6D-02  2.697D-01 -1.724D-01
   70   75     0     0  con    1  4.9D-01  3.4D-02  3.194D-01 -1.770D-01
   71   76     0     0  con    0  1.0D+00  2.8D-02  4.954D-02 -1.813D-01
   72   77     0     0  con    0  1.0D+00  2.6D-02  1.085D-01 -1.845D-01
   73   78     0     0  con    0  1.0D+00  3.8D-02  1.690D-01 -1.884D-01
   74   79     0     0  con    0  1.0D+00  5.4D-02  3.362D-01 -1.904D-01
   75   80     0     0  con    0  1.0D+00  6.1D-03  4.622D-02 -1.948D-01
   76   81     0     0  con    0  1.0D+00  5.8D-03  7.687D-02 -1.968D-01
   77   82     0     0  con    0  1.0D+00  1.0D-02  1.205D-01 -1.994D-01
   78   83     0     0  con    0  1.0D+00  2.9D-02  4.588D-01 -2.032D-01
   79   84     0     0  con    0  1.0D+00  2.9D-02  1.190D-01 -2.081D-01
   80   85     0     0  con    0  1.0D+00  2.4D-02  9.642D-02 -2.120D-01
   81   86     0     0  con    0  1.0D+00  4.3D-02  1.978D-01 -2.173D-01
   82   87     0     0  con    0  1.0D+00  6.4D-02  3.496D-01 -2.216D-01
   83   88     0     0  con    0  1.0D+00  2.6D-02  7.492D-02 -2.274D-01
   84   89     0     0  con    0  1.0D+00  2.7D-02  1.010D-01 -2.323D-01
   85   90     0     0  con    0  1.0D+00  3.2D-02  1.474D-01 -2.367D-01
   86   91     0     0  con    0  1.0D+00  8.6D-02  4.072D-01 -2.412D-01
   87   92     0     0  con    0  1.0D+00  3.2D-02  7.553D-02 -2.495D-01
   88   93     0     0  con    0  1.0D+00  2.9D-02  7.438D-02 -2.548D-01
   89   94     0     0  con    0  1.0D+00  5.0D-02  1.306D-01 -2.608D-01
   90   95     0     0  con    0  1.0D+00  1.0D-01  1.763D-01 -2.735D-01
   91   96     0     0  con    0  1.0D+00  2.7D-01  1.109D+00 -2.868D-01
   92   97     0     0  con    0  1.0D+00  7.6D-02  1.494D-01 -3.085D-01
   93   98     0     0  con    0  1.0D+00  8.9D-02  4.365D-01 -3.270D-01
   94   99     0     0  con    0  1.0D+00  1.7D-01  5.679D-01 -3.502D-01
   95  100     0     0  con    0  1.0D+00  4.8D-01  1.369D+00 -3.848D-01
   96  101     0     0  con    0  1.0D+00  3.3D-01  7.628D-01 -4.340D-01
   97  102     0     0  con    0  1.0D+00  4.1D-01  2.146D-01 -4.862D-01
   98  103     0     0  con    0  1.0D+00  5.2D-01  7.107D-01 -5.425D-01
   99  104     0     0  con    0  1.0D+00  1.1D+00  7.221D-01 -6.367D-01
  100  105     0     0  con    0  1.0D+00  1.6D+00  1.834D+00 -7.699D-01
  101  106     0     0  con    0  1.0D+00  1.0D+00  6.605D-01 -9.218D-01
  102  107     0     0  con    0  1.0D+00  2.0D+00  9.564D-01 -1.189D+00
  103  108     0     0  con    0  1.0D+00  2.0D+00  1.746D+00 -1.431D+00
  104  109     0     0  con    0  1.0D+00  3.0D+00  2.003D+00 -1.932D+00
  105  110     0     0  con    0  1.0D+00  1.4D+01  4.671D+00 -2.885D+00
  106  111     0     0  con    0  1.0D+00  1.2D+00  6.734D+00 -4.247D+00
  107  112     0     0  con    0  1.0D+00  2.0D+00  3.004D+00 -6.761D+00
  108  113     0     0  con    0  1.0D+00  9.5D+00  3.610D+00 -1.112D+01
  109  114     0     0  con    0  1.0D+00  6.6D-01  8.141D+00 -1.390D+01
  110  115     0     0  con    0  1.0D+00  6.4D+00  3.063D+00 -1.891D+01
  111  116     0     0  con    0  1.0D+00  2.6D+00  5.959D+00 -2.438D+01
  112  117     0     0  con    0  1.0D+00  7.5D+00  1.248D+01 -2.721D+01
  113  118     0     0  con    0  1.0D+00  4.2D+00  2.356D+00 -3.238D+01
  114  119     0     0  con    0  1.0D+00  4.0D-01  3.527D+00 -3.633D+01
  115  120     0     0  con    0  1.0D+00  4.2D+00  9.846D+00 -4.469D+01
  116  121     0     0  con    0  1.0D+00  4.6D+00  1.809D+01 -4.681D+01
  117  122     0     0  con    0  1.0D+00  6.9D-01  4.197D+00 -5.169D+01
  118  123     0     0  con    0  1.0D+00  6.0D-01  2.940D+00 -5.488D+01
  119  124     0     0  con    0  1.0D+00  2.2D+00  6.434D+00 -5.849D+01
  120  125     0     0  con    0  1.0D+00  2.8D+00  8.772D+00 -6.241D+01
  121  126     0     0  con    0  1.0D+00  4.2D+00  6.421D+00 -6.761D+01
  122  127     0     0  con    0  1.0D+00  7.5D-01  1.659D+00 -7.188D+01
  123  128     0     0  con    0  1.0D+00  6.7D-01  5.315D+00 -7.683D+01
  124  129     0     0  con    0  1.0D+00  1.7D+00  1.006D+01 -8.030D+01
  125  130     0     0  con    0  1.0D+00  8.3D-01  2.907D+00 -8.520D+01
  126  131     0     0  con    0  1.0D+00  1.8D+00  2.506D+00 -9.063D+01
  127  132     0     0  con    0  1.0D+00  1.5D+00  8.348D+00 -9.384D+01
  128  133     0     0  con    0  1.0D+00  2.0D+00  2.150D+00 -9.805D+01
  129  134     0     0  con    0  1.0D+00  1.2D+00  2.592D+00 -1.020D+02
  130  135     0     0  con    0  1.0D+00  2.0D+00  8.473D+00 -1.056D+02
  131  136     0     0  con    0  1.0D+00  2.9D-01  3.411D+00 -1.093D+02
  132  137     0     0  con    0  1.0D+00  1.7D-01  3.849D+00 -1.116D+02
  133  138     0     0  con    0  1.0D+00  1.3D+00  8.328D+00 -1.165D+02
  134  140     0     0  con    1  4.5D-01  1.3D+00  3.223D+00 -1.189D+02
  135  141     0     0  con    0  1.0D+00  1.2D+00  2.274D+00 -1.216D+02
  136  142     0     0  con    0  1.0D+00  2.1D+00  3.235D+00 -1.254D+02
  137  143     0     0  con    0  1.0D+00  1.9D+00  6.922D+00 -1.279D+02
  138  144     0     0  con    0  1.0D+00  1.2D+00  2.753D+00 -1.307D+02
  139  145     0     0  con    0  1.0D+00  4.1D-01  2.227D+00 -1.332D+02
  140  146     0     0  con    0  1.0D+00  7.1D-01  7.110D+00 -1.355D+02
  141  147     0     0  con    0  1.0D+00  3.4D-01  2.169D+00 -1.380D+02
  142  148     0     0  con    0  1.0D+00  2.7D-01  2.309D+00 -1.396D+02
  143  149     0     0  con    0  1.0D+00  6.7D-01  3.939D+00 -1.417D+02
  144  150     0     0  con    0  1.0D+00  1.2D+00  1.016D+01 -1.426D+02
  145  151     0     0  con    0  1.0D+00  7.5D-02  2.363D+00 -1.448D+02
  146  152     0     0  con    0  1.0D+00  3.4D-01  1.265D+00 -1.462D+02
  147  153     0     0  con    0  1.0D+00  6.3D-01  2.737D+00 -1.475D+02
  148  154     0     0  con    0  1.0D+00  1.0D+00  5.228D+00 -1.493D+02
  149  155     0     0  con    0  1.0D+00  1.3D+00  3.216D+00 -1.514D+02
  150  156     0     0  con    0  1.0D+00  2.7D-01  1.357D+00 -1.527D+02
  151  157     0     0  con    0  1.0D+00  4.3D-01  3.681D+00 -1.542D+02
  152  158     0     0  con    0  1.0D+00  5.1D-01  6.637D+00 -1.549D+02
  153  159     0     0  con    0  1.0D+00  8.4D-02  2.443D+00 -1.558D+02
  154  160     0     0  con    0  1.0D+00  4.5D-01  2.927D+00 -1.572D+02
  155  161     0     0  con    0  1.0D+00  4.0D-01  2.914D+00 -1.581D+02
  156  163     0     0  con    1  4.8D-01  8.3D-01  7.619D+00 -1.592D+02
  157  164     0     0  con    0  1.0D+00  8.6D-01  2.322D+00 -1.609D+02
  158  165     0     0  con    0  1.0D+00  4.2D-01  9.115D-01 -1.619D+02
  159  166     0     0  con    0  1.0D+00  6.5D-01  2.765D+00 -1.632D+02
  160  167     0     0  con    0  1.0D+00  8.4D-01  6.871D+00 -1.639D+02
  161  168     0     0  con    0  1.0D+00  1.2D-01  2.160D+00 -1.653D+02
  162  169     0     0  con    0  1.0D+00  2.5D-01  1.976D+00 -1.664D+02
  163  170     0     0  con    0  1.0D+00  3.9D-01  2.689D+00 -1.673D+02
  164  172     0     0  con    1  5.3D-01  5.0D-01  6.793D+00 -1.680D+02
  165  173     0     0  con    0  1.0D+00  5.2D-01  2.298D+00 -1.689D+02
  166  174     0     0  con    0  1.0D+00  3.8D-01  5.749D-01 -1.696D+02
  167  175     0     0  con    0  1.0D+00  4.4D-01  2.579D+00 -1.702D+02
  168  176     0     0  con    0  1.0D+00  6.6D-01  3.748D+00 -1.710D+02
  169  177     0     0  con    0  1.0D+00  3.9D-01  1.959D+00 -1.719D+02
  170  178     0     0  con    0  1.0D+00  5.0D-01  1.041D+00 -1.729D+02
  171  179     0     0  con    0  1.0D+00  4.1D-01  3.956D+00 -1.736D+02
  172  180     0     0  con    0  1.0D+00  3.3D-01  1.381D+00 -1.744D+02
  173  181     0     0  con    0  1.0D+00  5.2D-01  1.828D+00 -1.754D+02
  174  182     0     0  con    0  1.0D+00  7.1D-01  4.896D+00 -1.762D+02
  175  183     0     0  con    0  1.0D+00  3.8D-01  1.569D+00 -1.770D+02
  176  184     0     0  con    0  1.0D+00  5.5D-01  1.670D+00 -1.779D+02
  177  185     0     0  con    0  1.0D+00  6.9D-01  3.696D+00 -1.787D+02
  178  186     0     0  con    0  1.0D+00  1.0D+00  3.137D+00 -1.793D+02
  179  187     0     0  con    0  1.0D+00  1.3D-01  1.319D+00 -1.799D+02
  180  188     0     0  con    0  1.0D+00  1.3D-01  1.470D+00 -1.803D+02
  181  189     0     0  con    0  1.0D+00  4.3D-01  1.699D+00 -1.808D+02
  182  190     0     0  con    0  1.0D+00  8.4D-01  4.526D+00 -1.813D+02
  183  191     0     0  con    0  1.0D+00  2.6D-01  1.275D+00 -1.820D+02
  184  192     0     0  con    0  1.0D+00  4.8D-01  1.257D+00 -1.826D+02
  185  193     0     0  con    0  1.0D+00  5.0D-01  1.793D+00 -1.831D+02
  186  195     0     0  con    1  4.6D-01  5.7D-01  3.182D+00 -1.835D+02
  187  196     0     0  con    0  1.0D+00  6.8D-01  7.466D-01 -1.841D+02
  188  197     0     0  con    0  1.0D+00  3.6D-01  6.748D-01 -1.846D+02
  189  198     0     0  con    0  1.0D+00  5.8D-01  2.557D+00 -1.851D+02
  190  199     0     0  con    0  1.0D+00  4.2D-01  1.696D+00 -1.857D+02
  191  200     0     0  con    0  1.0D+00  2.0D-01  9.021D-01 -1.863D+02
  192  201     0     0  con    0  1.0D+00  5.4D-01  3.678D+00 -1.870D+02
  193  202     0     0  con    0  1.0D+00  2.4D-01  2.418D+00 -1.876D+02
  194  203     0     0  con    0  1.0D+00  1.5D-01  2.147D+00 -1.880D+02
  195  204     0     0  con    0  1.0D+00  6.9D-01  2.639D+00 -1.887D+02
  196  205     0     0  con    0  1.0D+00  7.6D-01  4.585D+00 -1.890D+02
  197  206     0     0  con    0  1.0D+00  5.3D-02  1.634D+00 -1.895D+02
  198  207     0     0  con    0  1.0D+00  3.0D-01  1.071D+00 -1.900D+02
  199  208     0     0  con    0  1.0D+00  5.3D-01  1.832D+00 -1.904D+02
  200  209     0     0  con    0  1.0D+00  8.4D-01  3.630D+00 -1.910D+02
  201  210     0     0  con    0  1.0D+00  9.9D-01  2.066D+00 -1.918D+02
  202  211     0     0  con    0  1.0D+00  3.7D-01  6.194D-01 -1.925D+02
  203  212     0     0  con    0  1.0D+00  6.7D-01  3.375D+00 -1.934D+02
  204  213     0     0  con    0  1.0D+00  4.0D-01  3.144D+00 -1.939D+02
  205  214     0     0  con    0  1.0D+00  1.2D-01  1.495D+00 -1.943D+02
  206  215     0     0  con    0  1.0D+00  2.6D-01  9.460D-01 -1.953D+02
  207  216     0     0  con    0  1.0D+00  4.9D-01  2.941D+00 -1.959D+02
  208  217     0     0  con    0  1.0D+00  1.1D+00  3.614D+00 -1.967D+02
  209  218     0     0  con    0  1.0D+00  3.7D-01  1.951D+00 -1.975D+02
  210  219     0     0  con    0  1.0D+00  2.7D-01  1.479D+00 -1.980D+02
  211  220     0     0  con    0  1.0D+00  4.3D-01  2.519D+00 -1.986D+02
  212  221     0     0  con    0  1.0D+00  8.6D-01  5.440D+00 -1.991D+02
  213  222     0     0  con    0  1.0D+00  1.7D-01  1.778D+00 -1.996D+02
  214  223     0     0  con    0  1.0D+00  2.5D-01  1.019D+00 -2.000D+02
  215  224     0     0  con    0  1.0D+00  3.4D-01  1.525D+00 -2.004D+02
  216  225     0     0  con    0  1.0D+00  6.0D-01  2.899D+00 -2.007D+02
  217  226     0     0  con    0  1.0D+00  2.0D-01  6.056D-01 -2.011D+02
  218  227     0     0  con    0  1.0D+00  8.6D-02  1.034D+00 -2.014D+02
  219  228     0     0  con    0  1.0D+00  3.4D-01  1.965D+00 -2.019D+02
  220  229     0     0  con    0  1.0D+00  8.8D-01  6.076D+00 -2.022D+02
  221  230     0     0  con    0  1.0D+00  2.7D-01  1.051D+00 -2.031D+02
  222  231     0     0  con    0  1.0D+00  3.7D-01  7.871D-01 -2.036D+02
  223  232     0     0  con    0  1.0D+00  5.6D-01  1.433D+00 -2.040D+02
  224  233     0     0  con    0  1.0D+00  8.1D-01  3.044D+00 -2.046D+02
  225  234     0     0  con    0  1.0D+00  9.2D-01  1.054D+00 -2.053D+02
  226  235     0     0  con    0  1.0D+00  2.5D-01  5.560D-01 -2.057D+02
  227  236     0     0  con    0  1.0D+00  3.9D-01  1.808D+00 -2.063D+02
  228  237     0     0  con    0  1.0D+00  6.3D-01  4.837D+00 -2.064D+02
  229  238     0     0  con    0  1.0D+00  1.8D-01  1.134D+00 -2.069D+02
  230  239     0     0  con    0  1.0D+00  9.5D-02  8.006D-01 -2.073D+02
  231  240     0     0  con    0  1.0D+00  3.1D-01  1.447D+00 -2.077D+02
  232  241     0     0  con    0  1.0D+00  5.9D-01  2.214D+00 -2.083D+02
  233  242     0     0  con    0  1.0D+00  1.5D+00  6.241D+00 -2.088D+02
  234  243     0     0  con    0  1.0D+00  1.3D-01  9.781D-01 -2.098D+02
  235  244     0     0  con    0  1.0D+00  1.4D-01  1.169D+00 -2.103D+02
  236  245     0     0  con    0  1.0D+00  5.6D-01  2.192D+00 -2.111D+02
  237  246     0     0  con    0  1.0D+00  1.7D+00  8.700D+00 -2.116D+02
  238  247     0     0  con    0  1.0D+00  4.0D-01  2.679D+00 -2.130D+02
  239  248     0     0  con    0  1.0D+00  6.2D-01  9.964D-01 -2.137D+02
  240  249     0     0  con    0  1.0D+00  7.9D-01  1.772D+00 -2.143D+02
  241  250     0     0  con    0  1.0D+00  1.1D+00  2.299D+00 -2.153D+02
  242  251     0     0  con    0  1.0D+00  2.6D+00  4.425D+00 -2.171D+02
  243  252     0     0  con    0  1.0D+00  3.2D+00  2.700D+00 -2.195D+02
  244  253     0     0  con    0  1.0D+00  1.7D+00  1.106D+00 -2.218D+02
  245  254     0     0  con    0  1.0D+00  4.5D+00  8.510D+00 -2.249D+02
  246  255     0     0  con    0  1.0D+00  1.1D+00  5.724D+00 -2.275D+02
  247  256     0     0  con    0  1.0D+00  3.5D-01  4.583D+00 -2.291D+02
  248  257     0     0  con    0  1.0D+00  1.9D+00  2.040D+00 -2.332D+02
  249  258     0     0  con    0  1.0D+00  3.7D+00  7.256D+00 -2.357D+02
  250  259     0     0  con    0  1.0D+00  3.0D+00  4.604D+00 -2.386D+02
  251  260     0     0  con    0  1.0D+00  6.5D+00  4.256D+00 -2.429D+02
  252  261     0     0  con    0  1.0D+00  3.4D+00  1.011D+01 -2.448D+02
  253  262     0     0  con    0  1.0D+00  1.5D-01  4.874D+00 -2.471D+02
  254  263     0     0  con    0  1.0D+00  9.1D-01  2.794D+00 -2.512D+02
  255  264     0     0  con    0  1.0D+00  1.2D+00  5.133D+00 -2.537D+02
  256  265     0     0  con    0  1.0D+00  7.3D+00  1.096D+01 -2.563D+02
  257  266     0     0  con    0  1.0D+00  1.8D-01  3.693D+00 -2.608D+02
  258  267     0     0  con    0  1.0D+00  3.7D-01  2.402D+00 -2.623D+02
  259  268     0     0  con    0  1.0D+00  1.8D+00  3.562D+00 -2.644D+02
  260  269     0     0  con    0  1.0D+00  3.5D+00  1.571D+01 -2.652D+02
  261  270     0     0  con    0  1.0D+00  4.1D-01  4.148D+00 -2.684D+02
  262  271     0     0  con    0  1.0D+00  8.9D-01  2.306D+00 -2.702D+02
  263  272     0     0  con    0  1.0D+00  1.7D+00  4.195D+00 -2.721D+02
  264  273     0     0  con    0  1.0D+00  2.6D+00  7.131D+00 -2.747D+02
  265  274     0     0  con    0  1.0D+00  3.4D+00  9.012D+00 -2.760D+02
  266  275     0     0  con    0  1.0D+00  8.3D-01  1.029D+00 -2.774D+02
  267  276     0     0  con    0  1.0D+00  2.8D-01  2.637D+00 -2.782D+02
  268  277     0     0  con    0  1.0D+00  2.8D-01  4.511D+00 -2.797D+02
  269  278     0     0  con    0  1.0D+00  1.8D+00  1.101D+01 -2.815D+02
  270  279     0     0  con    0  1.0D+00  1.1D+00  5.772D+00 -2.838D+02
  271  280     0     0  con    0  1.0D+00  1.4D+00  1.496D+00 -2.856D+02
  272  281     0     0  con    0  1.0D+00  1.4D+00  3.194D+00 -2.869D+02
  273  282     0     0  con    0  1.0D+00  1.5D+00  6.335D+00 -2.885D+02
  274  283     0     0  con    0  1.0D+00  1.3D+00  3.339D+00 -2.904D+02
  275  284     0     0  con    0  1.0D+00  6.7D-01  1.736D+00 -2.922D+02
  276  285     0     0  con    0  1.0D+00  1.1D+00  4.319D+00 -2.951D+02
  277  286     0     0  con    0  1.0D+00  1.9D+00  1.211D+01 -2.965D+02
  278  287     0     0  con    0  1.0D+00  1.8D-01  4.750D+00 -2.998D+02
  279  288     0     0  con    0  1.0D+00  4.4D-01  2.131D+00 -3.021D+02
  280  289     0     0  con    0  1.0D+00  7.1D-01  2.902D+00 -3.037D+02
  281  290     0     0  con    0  1.0D+00  1.6D+00  1.201D+01 -3.064D+02
  282  291     0     0  con    0  1.0D+00  1.7D+00  4.890D+00 -3.090D+02
  283  292     0     0  con    0  1.0D+00  2.6D-01  1.514D+00 -3.107D+02
  284  293     0     0  con    0  1.0D+00  6.4D-01  2.952D+00 -3.133D+02
  285  294     0     0  con    0  1.0D+00  1.1D+00  5.016D+00 -3.159D+02
  286  295     0     0  con    0  1.0D+00  1.9D+00  4.031D+00 -3.199D+02
  287  296     0     0  con    0  1.0D+00  1.7D+00  3.886D+00 -3.240D+02
  288  297     0     0  con    0  1.0D+00  2.0D+00  8.042D+00 -3.264D+02
  289  298     0     0  con    0  1.0D+00  2.2D-01  3.031D+00 -3.287D+02
  290  299     0     0  con    0  1.0D+00  1.1D-01  1.621D+00 -3.297D+02
  291  300     0     0  con    0  1.0D+00  4.1D-01  2.077D+00 -3.315D+02
  292  301     0     0  con    0  1.0D+00  1.4D+00  8.512D+00 -3.335D+02
  293  302     0     0  con    0  1.0D+00  1.2D+00  3.535D+00 -3.357D+02
  294  303     0     0  con    0  1.0D+00  6.7D-01  1.765D+00 -3.368D+02
  295  304     0     0  con    0  1.0D+00  3.4D-01  2.275D+00 -3.375D+02
  296  305     0     0  con    0  1.0D+00  4.2D-01  2.251D+00 -3.381D+02
  297  306     0     0  con    0  1.0D+00  3.5D-01  1.524D+00 -3.391D+02
  298  307     0     0  con    0  1.0D+00  6.2D-01  2.819D+00 -3.402D+02
  299  308     0     0  con    0  1.0D+00  4.5D-01  1.970D+00 -3.411D+02
  300  309     0     0  con    0  1.0D+00  2.5D-01  1.049D+00 -3.420D+02
  301  310     0     0  con    0  1.0D+00  6.6D-01  2.395D+00 -3.432D+02
  302  311     0     0  con    0  1.0D+00  7.5D-01  6.515D+00 -3.441D+02
  303  312     0     0  con    0  1.0D+00  3.7D-01  2.257D+00 -3.451D+02
  304  313     0     0  con    0  1.0D+00  6.1D-01  1.238D+00 -3.461D+02
  305  314     0     0  con    0  1.0D+00  6.7D-01  3.286D+00 -3.469D+02
  306  315     0     0  con    0  1.0D+00  1.6D+00  2.759D+00 -3.482D+02
  307  316     0     0  con    0  1.0D+00  4.8D-01  2.450D+00 -3.493D+02
  308  317     0     0  con    0  1.0D+00  2.8D-01  1.946D+00 -3.503D+02
  309  318     0     0  con    0  1.0D+00  7.1D-01  2.088D+00 -3.519D+02
  310  319     0     0  con    0  1.0D+00  1.5D+00  1.305D+01 -3.528D+02
  311  320     0     0  con    0  1.0D+00  3.7D-01  4.271D+00 -3.549D+02
  312  321     0     0  con    0  1.0D+00  6.9D-01  1.344D+00 -3.563D+02
  313  322     0     0  con    0  1.0D+00  7.3D-01  2.418D+00 -3.571D+02
  314  323     0     0  con    0  1.0D+00  1.3D+00  4.494D+00 -3.587D+02
  315  324     0     0  con    0  1.0D+00  1.5D+00  4.075D+00 -3.602D+02
  316  325     0     0  con    0  1.0D+00  1.1D-01  1.325D+00 -3.612D+02
  317  326     0     0  con    0  1.0D+00  5.0D-01  3.403D+00 -3.629D+02
  318  327     0     0  con    0  1.0D+00  8.7D-01  7.120D+00 -3.638D+02
  319  328     0     0  con    0  1.0D+00  4.8D-01  2.624D+00 -3.650D+02
  320  329     0     0  con    0  1.0D+00  8.9D-01  1.786D+00 -3.662D+02
  321  330     0     0  con    0  1.0D+00  5.1D-01  1.836D+00 -3.668D+02
  322  332     0     0  con    1  4.9D-01  8.6D-01  5.015D+00 -3.676D+02
  323  333     0     0  con    0  1.0D+00  6.0D-01  7.701D-01 -3.685D+02
  324  334     0     0  con    0  1.0D+00  1.9D-01  8.005D-01 -3.690D+02
  325  335     0     0  con    0  1.0D+00  5.7D-01  4.090D+00 -3.701D+02
  326  336     0     0  con    0  1.0D+00  5.7D-01  2.087D+00 -3.711D+02
  327  337     0     0  con    0  1.0D+00  2.9D-01  1.063D+00 -3.721D+02
  328  338     0     0  con    0  1.0D+00  7.4D-01  2.995D+00 -3.734D+02
  329  339     0     0  con    0  1.0D+00  3.9D-01  3.254D+00 -3.743D+02
  330  340     0     0  con    0  1.0D+00  2.2D-01  2.084D+00 -3.750D+02
  331  341     0     0  con    0  1.0D+00  1.3D+00  5.450D+00 -3.764D+02
  332  342     0     0  con    0  1.0D+00  6.1D-01  5.483D+00 -3.774D+02
  333  343     0     0  con    0  1.0D+00  4.6D-02  2.813D+00 -3.780D+02
  334  344     0     0  con    0  1.0D+00  5.0D-01  1.249D+00 -3.790D+02
  335  345     0     0  con    0  1.0D+00  7.3D-01  3.376D+00 -3.799D+02
  336  346     0     0  con    0  1.0D+00  1.8D+00  6.025D+00 -3.809D+02
  337  347     0     0  con    0  1.0D+00  7.2D-01  2.990D+00 -3.826D+02
  338  348     0     0  con    0  1.0D+00  4.8D-01  2.058D+00 -3.838D+02
  339  349     0     0  con    0  1.0D+00  7.7D-01  3.181D+00 -3.852D+02
  340  351     0     0  con    1  4.7D-01  7.5D-01  4.020D+00 -3.861D+02
  341  352     0     0  con    0  1.0D+00  6.3D-01  2.424D+00 -3.873D+02
  342  353     0     0  con    0  1.0D+00  6.6D-01  8.215D-01 -3.885D+02
  343  354     0     0  con    0  1.0D+00  5.1D-01  2.475D+00 -3.894D+02
  344  355     0     0  con    0  1.0D+00  6.4D-01  3.596D+00 -3.902D+02
  345  356     0     0  con    0  1.0D+00  1.2D-01  9.347D-01 -3.910D+02
  346  357     0     0  con    0  1.0D+00  2.6D-01  8.323D-01 -3.920D+02
  347  358     0     0  con    0  1.0D+00  3.1D-01  3.332D+00 -3.926D+02
  348  359     0     0  con    0  1.0D+00  3.3D-01  1.110D+00 -3.932D+02
  349  360     0     0  con    0  1.0D+00  4.3D-01  1.745D+00 -3.937D+02
  350  361     0     0  con    0  1.0D+00  2.7D-01  1.737D+00 -3.941D+02
  351  362     0     0  con    0  1.0D+00  1.2D-01  1.454D+00 -3.944D+02
  352  363     0     0  con    0  1.0D+00  9.0D-01  3.598D+00 -3.955D+02
  353  364     0     0  con    0  1.0D+00  6.2D-01  2.849D+00 -3.963D+02
  354  365     0     0  con    0  1.0D+00  4.4D-02  1.450D+00 -3.968D+02
  355  366     0     0  con    0  1.0D+00  5.0D-01  8.416D-01 -3.977D+02
  356  367     0     0  con    0  1.0D+00  6.2D-01  3.038D+00 -3.983D+02
  357  368     0     0  con    0  1.0D+00  9.2D-01  1.402D+00 -3.991D+02
  358  369     0     0  con    0  1.0D+00  6.2D-01  2.268D+00 -3.998D+02
  359  370     0     0  con    0  1.0D+00  4.7D-01  1.033D+00 -4.006D+02
  360  371     0     0  con    0  1.0D+00  2.6D-01  1.496D+00 -4.013D+02
  361  372     0     0  con    0  1.0D+00  4.4D-01  4.720D+00 -4.018D+02
  362  373     0     0  con    0  1.0D+00  1.8D-01  6.999D-01 -4.025D+02
  363  374     0     0  con    0  1.0D+00  9.9D-02  9.473D-01 -4.027D+02
  364  375     0     0  con    0  1.0D+00  2.9D-01  1.836D+00 -4.031D+02
  365  376     0     0  con    0  1.0D+00  6.9D-01  5.888D+00 -4.036D+02
  366  377     0     0  con    0  1.0D+00  3.8D-01  9.381D-01 -4.043D+02
  367  378     0     0  con    0  1.0D+00  3.7D-01  1.042D+00 -4.048D+02
  368  379     0     0  con    0  1.0D+00  4.6D-01  1.599D+00 -4.052D+02
  369  381     0     0  con    1  5.0D-01  4.1D-01  2.613D+00 -4.055D+02
  370  382     0     0  con    0  1.0D+00  3.8D-01  1.011D+00 -4.060D+02
  371  383     0     0  con    0  1.0D+00  4.3D-01  5.923D-01 -4.065D+02
  372  384     0     0  con    0  1.0D+00  3.9D-01  2.049D+00 -4.068D+02
  373  385     0     0  con    0  1.0D+00  3.0D-01  8.087D-01 -4.072D+02
  374  386     0     0  con    0  1.0D+00  1.6D-01  4.732D-01 -4.075D+02
  375  387     0     0  con    0  1.0D+00  2.6D-01  2.354D+00 -4.078D+02
  376  388     0     0  con    0  1.0D+00  5.2D-02  7.464D-01 -4.081D+02
  377  389     0     0  con    0  1.0D+00  4.8D-02  9.239D-01 -4.082D+02
  378  390     0     0  con    0  1.0D+00  1.7D-01  1.400D+00 -4.084D+02
  379  392     0     0  con    1  4.5D-01  1.6D-01  1.631D+00 -4.085D+02
  380  393     0     0  con    0  1.0D+00  1.6D-01  8.745D-01 -4.086D+02
  381  394     0     0  con    0  1.0D+00  2.6D-01  3.290D-01 -4.088D+02
  382  395     0     0  con    0  1.0D+00  2.4D-01  1.458D+00 -4.090D+02
  383  396     0     0  con    0  1.0D+00  1.5D-01  6.707D-01 -4.091D+02
  384  397     0     0  con    0  1.0D+00  9.6D-02  2.862D-01 -4.092D+02
  385  398     0     0  con    0  1.0D+00  2.0D-01  2.311D+00 -4.094D+02
  386  399     0     0  con    0  1.0D+00  8.4D-02  7.870D-01 -4.095D+02
  387  400     0     0  con    0  1.0D+00  9.1D-02  4.500D-01 -4.096D+02
  388  401     0     0  con    0  1.0D+00  1.3D-01  1.164D+00 -4.097D+02
  389  402     0     0  con    0  1.0D+00  2.7D-01  2.627D+00 -4.098D+02
  390  403     0     0  con    0  1.0D+00  2.6D-02  5.702D-01 -4.099D+02
  391  404     0     0  con    0  1.0D+00  3.7D-02  2.867D-01 -4.100D+02
  392  405     0     0  con    0  1.0D+00  7.9D-02  4.992D-01 -4.100D+02
  393  406     0     0  con    0  1.0D+00  1.5D-01  1.330D+00 -4.101D+02
  394  407     0     0  con    0  1.0D+00  1.1D-01  3.654D-01 -4.102D+02
  395  408     0     0  con    0  1.0D+00  7.1D-02  2.957D-01 -4.102D+02
  396  409     0     0  con    0  1.0D+00  9.7D-02  6.938D-01 -4.103D+02
  397  410     0     0  con    0  1.0D+00  1.8D-01  1.078D+00 -4.103D+02
  398  411     0     0  con    0  1.0D+00  4.0D-02  3.192D-01 -4.104D+02
  399  412     0     0  con    0  1.0D+00  4.8D-02  3.993D-01 -4.104D+02
  400  413     0     0  con    0  1.0D+00  9.1D-02  5.446D-01 -4.105D+02
  401  415     0     0  con    1  4.9D-01  1.2D-01  7.493D-01 -4.105D+02
  402  416     0     0  con    0  1.0D+00  1.2D-01  4.027D-01 -4.106D+02
  403  417     0     0  con    0  1.0D+00  1.2D-01  1.751D-01 -4.107D+02
  404  418     0     0  con    0  1.0D+00  1.3D-01  7.758D-01 -4.107D+02
  405  419     0     0  con    0  1.0D+00  1.4D-01  5.278D-01 -4.107D+02
  406  420     0     0  con    0  1.0D+00  6.0D-02  1.836D-01 -4.108D+02
  407  421     0     0  con    0  1.0D+00  1.3D-01  4.308D-01 -4.108D+02
  408  422     0     0  con    0  1.0D+00  4.4D-02  5.328D-01 -4.109D+02
  409  423     0     0  con    0  1.0D+00  3.1D-02  3.535D-01 -4.109D+02
  410  424     0     0  con    0  1.0D+00  9.6D-02  3.506D-01 -4.109D+02
  411  425     0     0  con    0  1.0D+00  1.7D-01  1.279D+00 -4.110D+02
  412  426     0     0  con    0  1.0D+00  3.2D-02  3.646D-01 -4.110D+02
  413  427     0     0  con    0  1.0D+00  6.9D-02  2.344D-01 -4.110D+02
  414  428     0     0  con    0  1.0D+00  5.8D-02  3.167D-01 -4.110D+02
  415  429     0     0  con    0  1.0D+00  1.3D-01  4.844D-01 -4.111D+02
  416  430     0     0  con    0  1.0D+00  1.5D-01  6.044D-01 -4.111D+02
  417  431     0     0  con    0  1.0D+00  5.5D-02  2.093D-01 -4.112D+02
  418  432     0     0  con    0  1.0D+00  1.2D-01  5.202D-01 -4.112D+02
  419  433     0     0  con    0  1.0D+00  5.5D-02  7.421D-01 -4.112D+02
  420  434     0     0  con    0  1.0D+00  1.2D-02  2.913D-01 -4.112D+02
  421  435     0     0  con    0  1.0D+00  4.6D-02  2.669D-01 -4.113D+02
  422  436     0     0  con    0  1.0D+00  7.2D-02  4.057D-01 -4.113D+02
  423  437     0     0  con    0  1.0D+00  1.7D-01  1.529D+00 -4.113D+02
  424  438     0     0  con    0  1.0D+00  4.7D-02  2.950D-01 -4.113D+02
  425  439     0     0  con    0  1.0D+00  4.3D-02  1.736D-01 -4.114D+02
  426  440     0     0  con    0  1.0D+00  7.8D-02  3.081D-01 -4.114D+02
  427  441     0     0  con    0  1.0D+00  1.3D-01  7.444D-01 -4.114D+02
  428  442     0     0  con    0  1.0D+00  2.5D-01  7.577D-01 -4.115D+02
  429  443     0     0  con    0  1.0D+00  2.0D-02  2.143D-01 -4.115D+02
  430  444     0     0  con    0  1.0D+00  2.0D-02  3.833D-01 -4.115D+02
  431  445     0     0  con    0  1.0D+00  5.2D-02  6.621D-01 -4.115D+02
  432  446     0     0  con    0  1.0D+00  9.9D-02  3.914D-01 -4.116D+02
  433  447     0     0  con    0  1.0D+00  1.1D-01  2.407D-01 -4.116D+02
  434  448     0     0  con    0  1.0D+00  2.1D-01  5.724D-01 -4.116D+02
  435  449     0     0  con    0  1.0D+00  6.9D-02  3.324D-01 -4.117D+02
  436  450     0     0  con    0  1.0D+00  1.4D-02  1.950D-01 -4.117D+02
  437  451     0     0  con    0  1.0D+00  1.0D-01  5.463D-01 -4.117D+02
  438  452     0     0  con    0  1.0D+00  2.1D-01  1.390D+00 -4.117D+02
  439  453     0     0  con    0  1.0D+00  9.2D-03  4.265D-01 -4.118D+02
  440  454     0     0  con    0  1.0D+00  8.4D-02  2.182D-01 -4.118D+02
  441  455     0     0  con    0  1.0D+00  1.4D-01  4.025D-01 -4.118D+02
  442  456     0     0  con    0  1.0D+00  1.7D-01  4.924D-01 -4.118D+02
  443  457     0     0  con    0  1.0D+00  1.7D-01  1.089D-01 -4.119D+02
  444  458     0     0  con    0  1.0D+00  6.8D-02  2.038D-01 -4.119D+02
  445  459     0     0  con    0  1.0D+00  5.0D-02  4.472D-01 -4.119D+02
  446  460     0     0  con    0  1.0D+00  2.0D-02  1.858D-01 -4.119D+02
  447  461     0     0  con    0  1.0D+00  4.0D-02  2.358D-01 -4.119D+02
  448  462     0     0  con    0  1.0D+00  4.7D-02  5.940D-01 -4.119D+02
  449  463     0     0  con    0  1.0D+00  9.4D-02  6.078D-01 -4.120D+02
  450  464     0     0  con    0  1.0D+00  3.5D-02  1.951D-01 -4.120D+02
  451  465     0     0  con    0  1.0D+00  4.1D-02  1.708D-01 -4.120D+02
  452  466     0     0  con    0  1.0D+00  7.1D-02  2.436D-01 -4.120D+02
  453  467     0     0  con    0  1.0D+00  1.3D-01  9.285D-01 -4.120D+02
  454  468     0     0  con    0  1.0D+00  9.4D-03  2.130D-01 -4.120D+02
  455  469     0     0  con    0  1.0D+00  1.8D-02  1.022D-01 -4.120D+02
  456  470     0     0  con    0  1.0D+00  3.8D-02  2.251D-01 -4.120D+02
  457  471     0     0  con    0  1.0D+00  8.0D-02  4.493D-01 -4.120D+02
  458  472     0     0  con    0  1.0D+00  1.1D-01  4.824D-01 -4.120D+02
  459  473     0     0  con    0  1.0D+00  1.5D-02  8.421D-02 -4.120D+02
  460  474     0     0  con    0  1.0D+00  6.0D-03  1.335D-01 -4.120D+02
  461  475     0     0  con    0  1.0D+00  1.8D-02  1.669D-01 -4.120D+02
  462  476     0     0  con    0  1.0D+00  6.4D-02  7.590D-01 -4.120D+02
  463  477     0     0  con    0  1.0D+00  4.7D-03  1.810D-01 -4.120D+02
  464  478     0     0  con    0  1.0D+00  1.2D-02  7.045D-02 -4.120D+02
  465  479     0     0  con    0  1.0D+00  2.4D-02  1.933D-01 -4.120D+02
  466  480     0     0  con    0  1.0D+00  3.6D-02  2.363D-01 -4.121D+02
  467  482     0     0  con    1  4.3D-01  2.9D-02  3.581D-01 -4.121D+02
  468  483     0     0  con    0  1.0D+00  3.8D-02  1.538D-01 -4.121D+02
  469  484     0     0  con    0  1.0D+00  2.0D-02  4.685D-02 -4.121D+02
  470  485     0     0  con    0  1.0D+00  2.9D-02  1.054D-01 -4.121D+02
  471  486     0     0  con    0  1.0D+00  2.2D-02  4.415D-01 -4.121D+02
  472  487     0     0  con    0  1.0D+00  9.8D-03  2.022D-01 -4.121D+02
  473  488     0     0  con    0  1.0D+00  1.6D-02  8.794D-02 -4.121D+02
  474  489     0     0  con    0  1.0D+00  1.3D-02  1.343D-01 -4.121D+02
  475  490     0     0  con    0  1.0D+00  4.2D-02  4.766D-01 -4.121D+02
  476  491     0     0  con    0  1.0D+00  2.8D-02  1.574D-01 -4.121D+02
  477  492     0     0  con    0  1.0D+00  7.1D-03  6.003D-02 -4.121D+02
  478  493     0     0  con    0  1.0D+00  1.4D-02  1.023D-01 -4.121D+02
  479  494     0     0  con    0  1.0D+00  2.7D-02  1.859D-01 -4.121D+02
  480  495     0     0  con    0  1.0D+00  6.1D-02  2.305D-01 -4.121D+02
  481  496     0     0  con    0  1.0D+00  3.5D-02  1.805D-01 -4.121D+02
  482  497     0     0  con    0  1.0D+00  2.9D-02  7.859D-02 -4.121D+02
  483  498     0     0  con    0  1.0D+00  2.1D-02  1.555D-01 -4.121D+02
  484  499     0     0  con    0  1.0D+00  1.8D-02  5.887D-02 -4.121D+02
  485  500     0     0  con    0  1.0D+00  2.6D-02  1.262D-01 -4.121D+02
  486  501     0     0  con    0  1.0D+00  3.5D-02  1.960D-01 -4.121D+02
  487  502     0     0  con    0  1.0D+00  4.8D-02  2.569D-01 -4.121D+02
  488  503     0     0  con    0  1.0D+00  4.3D-02  1.088D-01 -4.121D+02
  489  504     0     0  con    0  1.0D+00  1.4D-02  7.325D-02 -4.121D+02
  490  505     0     0  con    0  1.0D+00  1.9D-02  7.747D-02 -4.121D+02
  491  506     0     0  con    0  1.0D+00  3.4D-02  2.555D-01 -4.121D+02
  492  507     0     0  con    0  1.0D+00  4.2D-02  9.664D-02 -4.121D+02
  493  508     0     0  con    0  1.0D+00  7.7D-02  1.343D-01 -4.121D+02
  494  509     0     0  con    0  1.0D+00  5.0D-02  2.655D-01 -4.121D+02
  495  510     0     0  con    0  1.0D+00  2.2D-03  6.547D-02 -4.121D+02
  496  511     0     0  con    0  1.0D+00  7.9D-03  1.026D-01 -4.121D+02
  497  512     0     0  con    0  1.0D+00  1.4D-02  1.267D-01 -4.121D+02
  498  513     0     0  con    0  1.0D+00  4.4D-02  2.794D-01 -4.121D+02
  499  514     0     0  con    0  1.0D+00  6.7D-02  3.004D-01 -4.121D+02
  500  515     0     0  con    0  1.0D+00  1.1D-02  4.312D-02 -4.121D+02
  501  516     0     0  con    0  1.0D+00  8.0D-03  5.730D-02 -4.121D+02
  502  517     0     0  con    0  1.0D+00  1.2D-02  5.680D-02 -4.121D+02
  503  518     0     0  con    0  1.0D+00  4.7D-02  2.825D-01 -4.121D+02
  504  519     0     0  con    0  1.0D+00  2.5D-03  3.321D-02 -4.121D+02
  505  520     0     0  con    0  1.0D+00  5.8D-03  4.703D-02 -4.121D+02
  506  521     0     0  con    0  1.0D+00  1.4D-02  6.895D-02 -4.121D+02
  507  522     0     0  con    0  1.0D+00  2.6D-02  2.623D-01 -4.121D+02
  508  523     0     0  con    0  1.0D+00  2.3D-02  4.877D-02 -4.121D+02
  509  524     0     0  con    0  1.0D+00  1.2D-02  4.448D-02 -4.121D+02
  510  525     0     0  con    0  1.0D+00  1.9D-02  9.835D-02 -4.122D+02
  511  526     0     0  con    0  1.0D+00  3.2D-02  1.769D-01 -4.122D+02
  512  527     0     0  con    0  1.0D+00  4.9D-03  2.646D-02 -4.122D+02
  513  528     0     0  con    0  1.0D+00  6.2D-03  4.933D-02 -4.122D+02
  514  529     0     0  con    0  1.0D+00  1.2D-02  5.037D-02 -4.122D+02
  515  530     0     0  con    0  1.0D+00  3.1D-02  1.882D-01 -4.122D+02
  516  531     0     0  con    0  1.0D+00  2.7D-02  3.836D-02 -4.122D+02
  517  532     0     0  con    0  1.0D+00  1.5D-02  3.278D-02 -4.122D+02
  518  533     0     0  con    0  1.0D+00  1.8D-02  9.438D-02 -4.122D+02
  519  534     0     0  con    0  1.0D+00  2.6D-02  1.443D-01 -4.122D+02
  520  535     0     0  con    0  1.0D+00  2.2D-03  3.737D-02 -4.122D+02
  521  536     0     0  con    0  1.0D+00  9.7D-03  4.982D-02 -4.122D+02
  522  537     0     0  con    0  1.0D+00  1.2D-02  6.897D-02 -4.122D+02
  523  538     0     0  con    0  1.0D+00  4.0D-02  2.408D-01 -4.122D+02
  524  539     0     0  con    0  1.0D+00  2.6D-03  3.280D-02 -4.122D+02
  525  540     0     0  con    0  1.0D+00  1.4D-03  2.002D-02 -4.122D+02
  526  541     0     0  con    0  1.0D+00  7.3D-03  3.420D-02 -4.122D+02
  527  542     0     0  con    0  1.0D+00  1.1D-02  7.546D-02 -4.122D+02
  528  543     0     0  con    0  1.0D+00  1.2D-02  2.693D-02 -4.122D+02
  529  544     0     0  con    0  1.0D+00  8.4D-03  1.787D-02 -4.122D+02
  530  545     0     0  con    0  1.0D+00  1.1D-02  7.172D-02 -4.122D+02
  531  546     0     0  con    0  1.0D+00  1.3D-02  7.140D-02 -4.122D+02
  532  547     0     0  con    0  1.0D+00  2.7D-03  3.828D-02 -4.122D+02
  533  548     0     0  con    0  1.0D+00  1.1D-02  2.818D-02 -4.122D+02
  534  549     0     0  con    0  1.0D+00  9.5D-03  6.341D-02 -4.122D+02
  535  550     0     0  con    0  1.0D+00  9.8D-03  2.805D-02 -4.122D+02
  536  551     0     0  con    0  1.0D+00  1.2D-02  4.507D-02 -4.122D+02
  537  552     0     0  con    0  1.0D+00  9.2D-03  6.690D-02 -4.122D+02
  538  553     0     0  con    0  1.0D+00  1.0D-03  3.765D-02 -4.122D+02
  539  554     0     0  con    0  1.0D+00  5.8D-03  2.879D-02 -4.122D+02
  540  555     0     0  con    0  1.0D+00  4.2D-03  4.411D-02 -4.122D+02
  541  556     0     0  con    0  1.0D+00  1.1D-02  2.147D-02 -4.122D+02
  542  557     0     0  con    0  1.0D+00  1.0D-02  7.180D-02 -4.122D+02
  543  558     0     0  con    0  1.0D+00  8.1D-03  4.131D-02 -4.122D+02
  544  559     0     0  con    0  1.0D+00  4.4D-03  3.338D-02 -4.122D+02
  545  560     0     0  con    0  1.0D+00  6.6D-03  4.996D-02 -4.122D+02
  546  561     0     0  con    0  1.0D+00  6.8D-03  3.425D-02 -4.122D+02
  547  562     0     0  con    0  1.0D+00  8.2D-03  4.189D-02 -4.122D+02
  548  563     0     0  con    0  1.0D+00  2.8D-02  1.893D-01 -4.122D+02
  549  564     0     0  con    0  1.0D+00  1.1D-02  5.190D-02 -4.122D+02
  550  565     0     0  con    0  1.0D+00  1.8D-03  2.884D-02 -4.122D+02
  551  566     0     0  con    0  1.0D+00  1.1D-02  4.166D-02 -4.122D+02
  552  568     0     0  con    1  4.4D-01  1.3D-02  9.988D-02 -4.122D+02
  553  569     0     0  con    0  1.0D+00  1.2D-02  4.472D-02 -4.122D+02
  554  570     0     0  con    0  1.0D+00  2.0D-02  2.447D-02 -4.122D+02
  555  571     0     0  con    0  1.0D+00  1.8D-02  7.643D-02 -4.122D+02
  556  572     0     0  con    0  1.0D+00  9.0D-03  4.433D-02 -4.122D+02
  557  573     0     0  con    0  1.0D+00  4.0D-03  2.695D-02 -4.122D+02
  558  574     0     0  con    0  1.0D+00  5.4D-03  4.660D-02 -4.122D+02
  559  575     0     0  con    0  1.0D+00  1.1D-02  9.018D-02 -4.122D+02
  560  576     0     0  con    0  1.0D+00  3.4D-03  2.298D-02 -4.122D+02
  561  577     0     0  con    0  1.0D+00  3.7D-03  3.620D-02 -4.122D+02
  562  578     0     0  con    0  1.0D+00  5.3D-03  5.756D-02 -4.122D+02
  563  579     0     0  con    0  1.0D+00  1.1D-02  1.250D-01 -4.122D+02
  564  580     0     0  con    0  1.0D+00  1.5D-03  2.438D-02 -4.122D+02
  565  581     0     0  con    0  1.0D+00  1.0D-03  8.931D-03 -4.122D+02
  566  582     0     0  con    0  1.0D+00  3.5D-03  2.716D-02 -4.122D+02
  567  583     0     0  con    0  1.0D+00  6.0D-03  3.402D-02 -4.122D+02
  568  584     0     0  con    0  1.0D+00  7.7D-03  2.523D-02 -4.122D+02
  569  585     0     0  con    0  1.0D+00  5.4D-03  1.637D-02 -4.122D+02
  570  586     0     0  con    0  1.0D+00  7.6D-03  5.807D-02 -4.122D+02
  571  587     0     0  con    0  1.0D+00  9.8D-04  9.918D-03 -4.122D+02
  572  588     0     0  con    0  1.0D+00  9.0D-04  1.143D-02 -4.122D+02
  573  589     0     0  con    0  1.0D+00  2.6D-03  3.510D-02 -4.122D+02
  574  590     0     0  con    0  1.0D+00  5.3D-03  5.644D-02 -4.122D+02
  575  591     0     0  con    0  1.0D+00  2.0D-03  2.121D-02 -4.122D+02
  576  592     0     0  con    0  1.0D+00  4.9D-03  1.525D-02 -4.122D+02
  577  593     0     0  con    0  1.0D+00  4.8D-03  2.615D-02 -4.122D+02
  578  595     0     0  con    1  4.4D-01  4.9D-03  5.172D-02 -4.122D+02
  579  596     0     0  con    0  1.0D+00  4.9D-03  2.597D-02 -4.122D+02
  580  597     0     0  con    0  1.0D+00  6.1D-03  1.923D-02 -4.122D+02
  581  598     0     0  con    0  1.0D+00  8.7D-03  6.825D-02 -4.122D+02
  582  599     0     0  con    0  1.0D+00  3.7D-03  2.195D-02 -4.122D+02
  583  600     0     0  con    0  1.0D+00  2.3D-03  1.077D-02 -4.122D+02
  584  601     0     0  con    0  1.0D+00  3.2D-03  3.432D-02 -4.122D+02
  585  602     0     0  con    0  1.0D+00  2.0D-03  1.884D-02 -4.122D+02
  586  603     0     0  con    0  1.0D+00  1.9D-03  2.064D-02 -4.122D+02
  587  604     0     0  con    0  1.0D+00  7.9D-03  3.641D-02 -4.122D+02
  588  606     0     0  con    1  5.0D-01  5.7D-03  3.446D-02 -4.122D+02
  589  607     0     0  con    0  1.0D+00  4.3D-03  2.257D-02 -4.122D+02
  590  608     0     0  con    0  1.0D+00  1.5D-02  2.018D-02 -4.122D+02
  591  609     0     0  con    0  1.0D+00  7.2D-03  6.030D-02 -4.122D+02
  592  610     0     0  con    0  1.0D+00  6.6D-04  2.658D-02 -4.122D+02
  593  611     0     0  con    0  1.0D+00  1.7D-03  1.432D-02 -4.122D+02
  594  612     0     0  con    0  1.0D+00  3.6D-03  2.671D-02 -4.122D+02
  595  613     0     0  con    0  1.0D+00  8.0D-03  2.127D-02 -4.122D+02
  596  615     0     0  con    1  3.5D-01  6.2D-03  4.077D-02 -4.122D+02
  597  616     0     0  con    0  1.0D+00  3.8D-03  1.462D-02 -4.122D+02
  598  617     0     0  con    0  1.0D+00  5.0D-03  1.349D-02 -4.122D+02
  599  618     0     0  con    0  1.0D+00  6.0D-03  4.221D-02 -4.122D+02
  600  619     0     0  con    0  1.0D+00  5.7D-03  1.694D-02 -4.122D+02
  601  620     0     0  con    0  1.0D+00  3.1D-03  6.810D-03 -4.122D+02
  602  621     0     0  con    0  1.0D+00  5.8D-03  3.252D-02 -4.122D+02
  603  622     0     0  con    0  1.0D+00  3.9D-03  1.956D-02 -4.122D+02
  604  623     0     0  con    0  1.0D+00  6.5D-04  7.816D-03 -4.122D+02
  605  624     0     0  con    0  1.0D+00  4.5D-03  1.128D-02 -4.122D+02
  606  625     0     0  con    0  1.0D+00  7.9D-03  7.067D-02 -4.122D+02
  607  626     0     0  con    0  1.0D+00  6.3D-04  2.258D-02 -4.122D+02
  608  627     0     0  con    0  1.0D+00  2.1D-03  4.702D-03 -4.122D+02
  609  628     0     0  con    0  1.0D+00  4.4D-03  1.478D-02 -4.122D+02
  610  629     0     0  con    0  1.0D+00  4.6D-03  1.783D-02 -4.122D+02
  611  631     0     0  con    1  3.5D-01  3.5D-03  4.243D-02 -4.122D+02
  612  632     0     0  con    0  1.0D+00  5.1D-03  1.507D-02 -4.122D+02
  613  633     0     0  con    0  1.0D+00  2.2D-03  6.364D-03 -4.122D+02
  614  634     0     0  con    0  1.0D+00  4.5D-03  2.384D-02 -4.122D+02
  615  635     0     0  con    0  1.0D+00  3.2D-03  4.708D-02 -4.122D+02
  616  636     0     0  con    0  1.0D+00  1.5D-03  8.281D-03 -4.122D+02
  617  637     0     0  con    0  1.0D+00  9.8D-04  3.652D-03 -4.122D+02
  618  638     0     0  con    0  1.0D+00  1.4D-03  9.111D-03 -4.122D+02
  619  639     0     0  con    0  1.0D+00  1.6D-03  2.760D-02 -4.122D+02
  620  640     0     0  con    0  1.0D+00  1.5D-03  5.395D-03 -4.122D+02
  621  641     0     0  con    0  1.0D+00  1.3D-03  3.419D-03 -4.122D+02
  622  642     0     0  con    0  1.0D+00  2.2D-03  1.616D-02 -4.122D+02
  623  643     0     0  con    0  1.0D+00  3.3D-03  2.821D-02 -4.122D+02
  624  644     0     0  con    0  1.0D+00  3.7D-04  6.567D-03 -4.122D+02
  625  645     0     0  con    0  1.0D+00  5.4D-04  5.575D-03 -4.122D+02
  626  646     0     0  con    0  1.0D+00  1.1D-03  8.585D-03 -4.122D+02
  627  647     0     0  con    0  1.0D+00  2.7D-03  1.673D-02 -4.122D+02
  628  648     0     0  con    0  1.0D+00  4.8D-03  2.644D-02 -4.122D+02
  629  649     0     0  con    0  1.0D+00  8.7D-04  5.829D-03 -4.122D+02
  630  650     0     0  con    0  1.0D+00  9.4D-04  1.079D-02 -4.122D+02
  631  651     0     0  con    0  1.0D+00  1.6D-03  1.085D-02 -4.122D+02
  632  652     0     0  con    0  1.0D+00  5.2D-03  3.648D-02 -4.122D+02
  633  653     0     0  con    0  1.0D+00  7.8D-04  9.206D-03 -4.122D+02
  634  654     0     0  con    0  1.0D+00  1.5D-03  7.554D-03 -4.122D+02
  635  655     0     0  con    0  1.0D+00  1.8D-03  9.105D-03 -4.122D+02
  636  657     0     0  con    1  5.2D-01  2.0D-03  2.612D-02 -4.122D+02
  637  658     0     0  con    0  1.0D+00  2.2D-03  9.274D-03 -4.122D+02
  638  659     0     0  con    0  1.0D+00  1.4D-03  2.421D-03 -4.122D+02
  639  660     0     0  con    0  1.0D+00  1.3D-03  6.445D-03 -4.122D+02
  640  661     0     0  con    0  1.0D+00  1.9D-03  2.075D-02 -4.122D+02
  641  662     0     0  con    0  1.0D+00  2.1D-04  5.715D-03 -4.122D+02
  642  663     0     0  con    0  1.0D+00  2.4D-04  3.849D-03 -4.122D+02
  643  664     0     0  con    0  1.0D+00  5.1D-04  5.474D-03 -4.122D+02
  644  665     0     0  con    0  1.0D+00  1.4D-03  1.788D-02 -4.122D+02
  645  666     0     0  con    0  1.0D+00  1.9D-03  9.754D-03 -4.122D+02
  646  667     0     0  con    0  1.0D+00  4.4D-04  3.106D-03 -4.122D+02
  647  668     0     0  con    0  1.0D+00  6.3D-04  3.842D-03 -4.122D+02
  648  669     0     0  con    0  1.0D+00  8.6D-04  4.754D-03 -4.122D+02
  649  670     0     0  con    0  1.0D+00  1.8D-03  1.291D-02 -4.122D+02
  650  671     0     0  con    0  1.0D+00  1.5D-04  2.347D-03 -4.122D+02
  651  672     0     0  con    0  1.0D+00  1.9D-04  3.000D-03 -4.122D+02
  652  673     0     0  con    0  1.0D+00  4.1D-04  4.473D-03 -4.122D+02
  653  675     0     0  con    1  5.2D-01  6.1D-04  8.501D-03 -4.122D+02
  654  676     0     0  con    0  1.0D+00  7.7D-04  3.099D-03 -4.122D+02
  655  677     0     0  con    0  1.0D+00  4.8D-04  1.120D-03 -4.122D+02
  656  678     0     0  con    0  1.0D+00  8.0D-04  4.727D-03 -4.122D+02
  657  679     0     0  con    0  1.0D+00  9.8D-04  8.356D-03 -4.122D+02
  658  680     0     0  con    0  1.0D+00  1.3D-04  2.383D-03 -4.122D+02
  659  681     0     0  con    0  1.0D+00  1.8D-04  2.145D-03 -4.122D+02
  660  682     0     0  con    0  1.0D+00  3.4D-04  3.387D-03 -4.122D+02
  661  683     0     0  con    0  1.0D+00  1.1D-03  9.179D-03 -4.122D+02
  662  684     0     0  con    0  1.0D+00  1.1D-03  5.074D-03 -4.122D+02
  663  685     0     0  con    0  1.0D+00  4.1D-04  2.643D-03 -4.122D+02
  664  686     0     0  con    0  1.0D+00  5.2D-04  3.580D-03 -4.122D+02
  665  687     0     0  con    0  1.0D+00  5.9D-04  4.447D-03 -4.122D+02
  666  688     0     0  con    0  1.0D+00  6.1D-04  2.653D-03 -4.122D+02
  667  689     0     0  con    0  1.0D+00  1.9D-03  6.968D-03 -4.122D+02
  668  690     0     0  con    0  1.0D+00  1.4D-03  6.793D-03 -4.122D+02
  669  691     0     0  con    0  1.0D+00  5.4D-04  1.361D-03 -4.122D+02
  670  692     0     0  con    0  1.0D+00  1.1D-04  1.302D-03 -4.122D+02
  671  693     0     0  con    0  1.0D+00  5.7D-04  3.873D-03 -4.122D+02
  672  694     0     0  con    0  1.0D+00  1.1D-03  6.492D-03 -4.122D+02
  673  695     0     0  con    0  1.0D+00  4.9D-04  1.786D-03 -4.122D+02
  674  696     0     0  con    0  1.0D+00  7.0D-04  1.342D-03 -4.122D+02
  675  697     0     0  con    0  1.0D+00  9.5D-04  2.163D-03 -4.122D+02
  676  699     0     0  con    1  4.9D-01  1.0D-03  7.846D-03 -4.122D+02
  677  700     0     0  con    0  1.0D+00  9.7D-04  4.025D-03 -4.122D+02
  678  701     0     0  con    0  1.0D+00  8.6D-04  9.863D-04 -4.122D+02
  679  702     0     0  con    0  1.0D+00  6.8D-04  4.129D-03 -4.122D+02
  680  703     0     0  con    0  1.0D+00  6.3D-04  4.841D-03 -4.122D+02
  681  704     0     0  con    0  1.0D+00  3.2D-04  1.833D-03 -4.122D+02
  682  705     0     0  con    0  1.0D+00  4.5D-04  1.764D-03 -4.122D+02
  683  706     0     0  con    0  1.0D+00  1.7D-04  3.176D-03 -4.122D+02
  684  707     0     0  con    0  1.0D+00  9.9D-05  1.742D-03 -4.122D+02
  685  708     0     0  con    0  1.0D+00  5.0D-04  2.538D-03 -4.122D+02
  686  709     0     0  con    0  1.0D+00  4.2D-04  5.867D-03 -4.122D+02
  687  710     0     0  con    0  1.0D+00  1.7D-04  2.854D-03 -4.122D+02
  688  711     0     0  con    0  1.0D+00  5.0D-04  9.907D-04 -4.122D+02
  689  712     0     0  con    0  1.0D+00  2.8D-04  3.159D-03 -4.122D+02
  690  713     0     0  con    0  1.0D+00  7.0D-04  1.810D-03 -4.122D+02
  691  714     0     0  con    0  1.0D+00  4.1D-04  4.267D-03 -4.122D+02
  692  715     0     0  con    0  1.0D+00  3.7D-04  2.761D-03 -4.122D+02
  693  716     0     0  con    0  1.0D+00  5.2D-04  4.334D-03 -4.122D+02
  694  717     0     0  con    0  1.0D+00  2.5D-04  3.175D-03 -4.122D+02
  695  718     0     0  con    0  1.0D+00  5.0D-05  1.970D-03 -4.122D+02
  696  719     0     0  con    0  1.0D+00  2.3D-04  9.023D-04 -4.122D+02
  697  720     0     0  con    0  1.0D+00  3.7D-04  3.600D-03 -4.122D+02
  698  721     0     0  con    0  1.0D+00  3.1D-04  2.134D-03 -4.122D+02
  699  722     0     0  con    0  1.0D+00  7.5D-04  1.137D-03 -4.122D+02
  700  723     0     0  con    0  1.0D+00  6.3D-04  4.593D-03 -4.122D+02
  701  724     0     0  con    0  1.0D+00  2.0D-04  2.451D-03 -4.122D+02
  702  725     0     0  con    0  1.0D+00  3.4D-04  1.187D-03 -4.122D+02
  703  726     0     0  con    0  1.0D+00  2.5D-04  2.022D-03 -4.122D+02
  704  727     0     0  con    0  1.0D+00  6.1D-04  2.106D-03 -4.122D+02
  705  728     0     0  con    0  1.0D+00  2.8D-04  1.716D-03 -4.122D+02
  706  729     0     0  con    0  1.0D+00  2.8D-04  1.704D-03 -4.122D+02
  707  730     0     0  con    0  1.0D+00  4.7D-04  2.632D-03 -4.122D+02
  708  731     0     0  con    0  1.0D+00  4.8D-04  6.986D-04 -4.122D+02
  709  732     0     0  con    0  1.0D+00  5.8D-04  1.543D-03 -4.122D+02
  710  733     0     0  con    0  1.0D+00  5.5D-04  2.323D-03 -4.122D+02
  711  734     0     0  con    0  1.0D+00  2.5D-04  7.822D-04 -4.122D+02
  712  735     0     0  con    0  1.0D+00  3.0D-04  9.034D-04 -4.122D+02
  713  736     0     0  con    0  1.0D+00  2.5D-04  2.296D-03 -4.122D+02
  714  737     0     0  con    0  1.0D+00  3.2D-04  1.602D-03 -4.122D+02
  715  738     0     0  con    0  1.0D+00  6.8D-04  4.177D-03 -4.122D+02
  716  739     0     0  con    0  1.0D+00  1.7D-04  9.024D-04 -4.122D+02
  717  740     0     0  con    0  1.0D+00  1.0D-04  1.577D-03 -4.122D+02
  718  741     0     0  con    0  1.0D+00  3.1D-04  1.543D-03 -4.122D+02
  719  743     0     0  con    1  5.1D-01  2.3D-04  1.649D-03 -4.122D+02
  720  744     0     0  con    0  1.0D+00  2.5D-04  7.226D-04 -4.122D+02
  721  745     0     0  con    0  1.0D+00  4.1D-04  7.543D-04 -4.122D+02
  722  746     0     0  con    0  1.0D+00  3.4D-04  2.765D-03 -4.122D+02
  723  747     0     0  con    0  1.0D+00  4.3D-05  7.362D-04 -4.122D+02
  724  748     0     0  con    0  1.0D+00  5.3D-05  8.411D-04 -4.122D+02
  725  749     0     0  con    0  1.0D+00  7.9D-05  1.597D-03 -4.122D+02
  726  750     0     0  con    0  1.0D+00  2.5D-04  2.207D-03 -4.122D+02
  727  751     0     0  con    0  1.0D+00  5.9D-04  6.046D-03 -4.122D+02
  728  752     0     0  con    0  1.0D+00  9.7D-05  1.585D-03 -4.122D+02
  729  753     0     0  con    0  1.0D+00  1.3D-04  1.151D-03 -4.122D+02
  730  754     0     0  con    0  1.0D+00  2.8D-04  1.867D-03 -4.122D+02
  731  755     0     0  con    0  1.0D+00  5.8D-04  4.142D-03 -4.122D+02
  732  756     0     0  con    0  1.0D+00  5.2D-04  1.295D-03 -4.122D+02
  733  757     0     0  con    0  1.0D+00  1.3D-04  3.047D-04 -4.122D+02
  734  758     0     0  con    0  1.0D+00  2.5D-04  1.137D-03 -4.122D+02
  735  759     0     0  con    0  1.0D+00  4.3D-04  3.788D-03 -4.122D+02
  736  760     0     0  con    0  1.0D+00  1.3D-04  1.485D-03 -4.122D+02
  737  761     0     0  con    0  1.0D+00  2.9D-04  9.010D-04 -4.122D+02
  738  762     0     0  con    0  1.0D+00  2.2D-04  1.193D-03 -4.122D+02
  739  763     0     0  con    0  1.0D+00  5.3D-04  3.836D-03 -4.122D+02
  740  764     0     0  con    0  1.0D+00  2.0D-04  7.140D-04 -4.122D+02
  741  765     0     0  con    0  1.0D+00  3.1D-05  4.228D-04 -4.122D+02
  742  766     0     0  con    0  1.0D+00  9.1D-05  6.058D-04 -4.122D+02
  743  767     0     0  con    0  1.0D+00  1.6D-04  1.050D-03 -4.122D+02
  744  768     0     0  con    0  1.0D+00  2.9D-04  2.272D-03 -4.122D+02
  745  769     0     0  con    0  1.0D+00  5.4D-05  5.248D-04 -4.122D+02
  746  770     0     0  con    0  1.0D+00  8.9D-05  8.946D-04 -4.122D+02
  747  771     0     0  con    0  1.0D+00  9.8D-05  8.900D-04 -4.122D+02
  748  773     0     0  con    1  4.4D-01  1.4D-04  1.162D-03 -4.122D+02
  749  774     0     0  con    0  1.0D+00  1.5D-04  3.455D-04 -4.122D+02
  750  775     0     0  con    0  1.0D+00  8.5D-05  2.100D-04 -4.122D+02
  751  776     0     0  con    0  1.0D+00  1.4D-04  9.301D-04 -4.122D+02
  752  777     0     0  con    0  1.0D+00  1.2D-04  5.925D-04 -4.122D+02
  753  778     0     0  con    0  1.0D+00  1.9D-05  2.184D-04 -4.122D+02
  754  779     0     0  con    0  1.0D+00  5.5D-05  2.513D-04 -4.122D+02
  755  780     0     0  con    0  1.0D+00  5.6D-05  5.080D-04 -4.122D+02
  756  781     0     0  con    0  1.0D+00  1.3D-04  3.632D-04 -4.122D+02
  757  782     0     0  con    0  1.0D+00  1.8D-04  1.848D-03 -4.122D+02
  758  783     0     0  con    0  1.0D+00  6.8D-05  6.250D-04 -4.122D+02
  759  784     0     0  con    0  1.0D+00  3.3D-05  2.528D-04 -4.122D+02
  760  785     0     0  con    0  1.0D+00  6.8D-05  5.678D-04 -4.122D+02
  761  786     0     0  con    0  1.0D+00  1.4D-04  1.536D-03 -4.122D+02
  762  787     0     0  con    0  1.0D+00  3.2D-05  4.068D-04 -4.122D+02
  763  788     0     0  con    0  1.0D+00  4.4D-05  2.223D-04 -4.122D+02
  764  789     0     0  con    0  1.0D+00  6.5D-05  4.264D-04 -4.122D+02
  765  790     0     0  con    0  1.0D+00  1.2D-04  1.046D-03 -4.122D+02
  766  791     0     0  con    0  1.0D+00  1.3D-04  3.288D-04 -4.122D+02
  767  792     0     0  con    0  1.0D+00  5.1D-05  1.336D-04 -4.122D+02
  768  793     0     0  con    0  1.0D+00  1.2D-04  5.066D-04 -4.122D+02
  769  794     0     0  con    0  1.0D+00  1.9D-04  1.286D-03 -4.122D+02
  770  795     0     0  con    0  1.0D+00  5.9D-05  3.656D-04 -4.122D+02
  771  796     0     0  con    0  1.0D+00  8.9D-05  3.553D-04 -4.122D+02
  772  797     0     0  con    0  1.0D+00  1.1D-04  4.430D-04 -4.122D+02
  773  798     0     0  con    0  1.0D+00  2.1D-04  7.219D-04 -4.122D+02
  774  799     0     0  con    0  1.0D+00  3.0D-04  1.370D-03 -4.122D+02
  775  800     0     0  con    0  1.0D+00  2.3D-05  2.562D-04 -4.122D+02
  776  801     0     0  con    0  1.0D+00  3.0D-05  6.603D-04 -4.122D+02
  777  802     0     0  con    0  1.0D+00  9.5D-05  1.077D-03 -4.122D+02
  778  803     0     0  con    0  1.0D+00  3.4D-04  2.823D-03 -4.122D+02
  779  804     0     0  con    0  1.0D+00  1.6D-04  9.211D-04 -4.122D+02
  780  805     0     0  con    0  1.0D+00  1.5D-04  4.054D-04 -4.122D+02
  781  806     0     0  con    0  1.0D+00  1.6D-04  5.248D-04 -4.122D+02
  782  807     0     0  con    0  1.0D+00  2.2D-04  1.159D-03 -4.122D+02
  783  808     0     0  con    0  1.0D+00  2.3D-04  4.850D-04 -4.122D+02
  784  809     0     0  con    0  1.0D+00  7.5D-05  2.098D-04 -4.122D+02
  785  810     0     0  con    0  1.0D+00  1.9D-04  8.011D-04 -4.122D+02
  786  811     0     0  con    0  1.0D+00  3.3D-04  1.792D-03 -4.122D+02
  787  812     0     0  con    0  1.0D+00  2.7D-05  6.353D-04 -4.122D+02
  788  813     0     0  con    0  1.0D+00  1.2D-04  4.126D-04 -4.122D+02
  789  814     0     0  con    0  1.0D+00  1.5D-04  4.693D-04 -4.122D+02
  790  815     0     0  con    0  1.0D+00  2.8D-04  2.086D-03 -4.122D+02
  791  816     0     0  con    0  1.0D+00  2.5D-04  6.116D-04 -4.122D+02
  792  817     0     0  con    0  1.0D+00  1.2D-04  2.656D-04 -4.122D+02
  793  818     0     0  con    0  1.0D+00  1.4D-04  8.090D-04 -4.122D+02
  794  819     0     0  con    0  1.0D+00  2.5D-04  1.543D-03 -4.122D+02
  795  820     0     0  con    0  1.0D+00  2.0D-05  1.911D-04 -4.122D+02
  796  821     0     0  con    0  1.0D+00  3.6D-05  3.236D-04 -4.122D+02
  797  822     0     0  con    0  1.0D+00  9.7D-05  5.528D-04 -4.122D+02
  798  823     0     0  con    0  1.0D+00  2.3D-04  9.047D-04 -4.122D+02
  799  824     0     0  con    0  1.0D+00  5.8D-04  4.399D-03 -4.122D+02
  800  825     0     0  con    0  1.0D+00  2.7D-05  5.007D-04 -4.122D+02
  801  826     0     0  con    0  1.0D+00  1.5D-05  3.159D-04 -4.122D+02
  802  827     0     0  con    0  1.0D+00  9.8D-05  4.769D-04 -4.122D+02
  803  828     0     0  con    0  1.0D+00  3.3D-04  2.887D-03 -4.122D+02
  804  829     0     0  con    0  1.0D+00  4.8D-05  9.255D-04 -4.122D+02
  805  830     0     0  con    0  1.0D+00  1.4D-04  3.415D-04 -4.122D+02
  806  831     0     0  con    0  1.0D+00  2.0D-04  7.391D-04 -4.122D+02
  807  832     0     0  con    0  1.0D+00  2.9D-04  1.189D-03 -4.122D+02
  808  834     0     0  con    1  4.5D-01  3.5D-04  2.068D-03 -4.122D+02
  809  835     0     0  con    0  1.0D+00  2.7D-04  5.438D-04 -4.122D+02
  810  836     0     0  con    0  1.0D+00  1.4D-04  4.319D-04 -4.122D+02
  811  837     0     0  con    0  1.0D+00  2.4D-04  7.626D-04 -4.122D+02
  812  839     0     0  con    1  4.4D-01  1.7D-04  1.859D-03 -4.122D+02
  813  840     0     0  con    0  1.0D+00  1.6D-04  1.113D-03 -4.122D+02
  814  841     0     0  con    0  1.0D+00  2.2D-04  1.935D-04 -4.122D+02
  815  842     0     0  con    0  1.0D+00  1.4D-04  4.967D-04 -4.122D+02
  816  843     0     0  con    0  1.0D+00  2.9D-04  2.049D-03 -4.122D+02
  817  844     0     0  con    0  1.0D+00  5.6D-05  5.295D-04 -4.122D+02
  818  845     0     0  con    0  1.0D+00  3.5D-05  4.396D-04 -4.122D+02
  819  846     0     0  con    0  1.0D+00  7.7D-05  5.635D-04 -4.122D+02
  820  847     0     0  con    0  1.0D+00  2.3D-04  2.038D-03 -4.122D+02
  821  848     0     0  con    0  1.0D+00  8.7D-05  5.979D-04 -4.122D+02
  822  849     0     0  con    0  1.0D+00  8.1D-05  2.344D-04 -4.122D+02
  823  850     0     0  con    0  1.0D+00  1.1D-04  5.151D-04 -4.122D+02
  824  851     0     0  con    0  1.0D+00  2.2D-04  6.582D-04 -4.122D+02
  825  853     0     0  con    1  4.2D-01  1.9D-04  2.001D-03 -4.122D+02
  826  854     0     0  con    0  1.0D+00  2.0D-04  8.696D-04 -4.122D+02
  827  855     0     0  con    0  1.0D+00  1.2D-04  1.904D-04 -4.122D+02
  828  856     0     0  con    0  1.0D+00  1.1D-04  5.596D-04 -4.122D+02
  829  857     0     0  con    0  1.0D+00  1.1D-04  1.171D-03 -4.122D+02
  830  858     0     0  con    0  1.0D+00  2.2D-05  4.528D-04 -4.122D+02
  831  859     0     0  con    0  1.0D+00  5.5D-05  3.475D-04 -4.122D+02
  832  860     0     0  con    0  1.0D+00  5.4D-05  4.394D-04 -4.122D+02
  833  861     0     0  con    0  1.0D+00  2.2D-04  2.077D-03 -4.122D+02
  834  862     0     0  con    0  1.0D+00  2.2D-05  4.799D-04 -4.122D+02
  835  863     0     0  con    0  1.0D+00  3.7D-05  2.423D-04 -4.122D+02
  836  864     0     0  con    0  1.0D+00  8.7D-05  4.520D-04 -4.122D+02
  837  865     0     0  con    0  1.0D+00  1.5D-04  8.822D-04 -4.122D+02
  838  866     0     0  con    0  1.0D+00  3.3D-04  1.435D-03 -4.122D+02
  839  867     0     0  con    0  1.0D+00  4.5D-05  3.389D-04 -4.122D+02
  840  868     0     0  con    0  1.0D+00  4.3D-05  6.852D-04 -4.122D+02
  841  869     0     0  con    0  1.0D+00  1.3D-04  9.778D-04 -4.122D+02
  842  870     0     0  con    0  1.0D+00  4.5D-04  2.807D-03 -4.122D+02
  843  871     0     0  con    0  1.0D+00  2.0D-04  1.252D-03 -4.122D+02
  844  872     0     0  con    0  1.0D+00  2.5D-04  4.112D-04 -4.122D+02
  845  873     0     0  con    0  1.0D+00  2.2D-04  6.443D-04 -4.122D+02
  846  874     0     0  con    0  1.0D+00  3.4D-04  9.328D-04 -4.122D+02
  847  875     0     0  con    0  1.0D+00  4.9D-04  2.260D-03 -4.122D+02
  848  876     0     0  con    0  1.0D+00  2.7D-05  4.514D-04 -4.122D+02
  849  877     0     0  con    0  1.0D+00  4.2D-05  7.125D-04 -4.122D+02
  850  878     0     0  con    0  1.0D+00  1.4D-04  1.021D-03 -4.122D+02
  851  879     0     0  con    0  1.0D+00  5.1D-04  2.991D-03 -4.122D+02
  852  880     0     0  con    0  1.0D+00  2.9D-04  9.513D-04 -4.122D+02
  853  881     0     0  con    0  1.0D+00  1.5D-04  2.959D-04 -4.122D+02
  854  882     0     0  con    0  1.0D+00  2.5D-04  8.352D-04 -4.122D+02
  855  883     0     0  con    0  1.0D+00  4.0D-04  1.235D-03 -4.122D+02
  856  884     0     0  con    0  1.0D+00  4.6D-04  7.387D-04 -4.122D+02
  857  885     0     0  con    0  1.0D+00  3.3D-04  3.430D-04 -4.122D+02
  858  886     0     0  con    0  1.0D+00  5.1D-04  1.511D-03 -4.122D+02
  859  887     0     0  con    0  1.0D+00  2.1D-04  6.820D-04 -4.122D+02
  860  888     0     0  con    0  1.0D+00  2.2D-05  5.797D-04 -4.122D+02
  861  889     0     0  con    0  1.0D+00  3.0D-04  1.105D-03 -4.122D+02
  862  890     0     0  con    0  1.0D+00  2.5D-04  6.206D-04 -4.122D+02
  863  891     0     0  con    0  1.0D+00  1.4D-04  4.044D-04 -4.122D+02
  864  892     0     0  con    0  1.0D+00  5.0D-04  6.500D-04 -4.122D+02
  865  893     0     0  con    0  1.0D+00  4.1D-04  2.295D-03 -4.122D+02
  866  894     0     0  con    0  1.0D+00  4.2D-05  1.041D-03 -4.122D+02
  867  895     0     0  con    0  1.0D+00  2.2D-04  6.732D-04 -4.122D+02
  868  896     0     0  con    0  1.0D+00  2.5D-04  9.523D-04 -4.122D+02
  869  897     0     0  con    0  1.0D+00  4.6D-04  2.116D-03 -4.122D+02
  870  898     0     0  con    0  1.0D+00  5.0D-04  1.646D-03 -4.122D+02
  871  899     0     0  con    0  1.0D+00  3.2D-05  5.317D-04 -4.122D+02
  872  900     0     0  con    0  1.0D+00  5.0D-05  8.244D-04 -4.122D+02
  873  901     0     0  con    0  1.0D+00  6.0D-05  9.505D-04 -4.122D+02
  874  902     0     0  con    0  1.0D+00  3.4D-04  2.906D-03 -4.122D+02
  875  903     0     0  con    0  1.0D+00  9.1D-05  9.929D-04 -4.122D+02
  876  904     0     0  con    0  1.0D+00  1.2D-04  3.942D-04 -4.122D+02
  877  905     0     0  con    0  1.0D+00  1.4D-04  5.054D-04 -4.122D+02
  878  906     0     0  con    0  1.0D+00  2.5D-04  1.549D-03 -4.122D+02
  879  907     0     0  con    0  1.0D+00  3.2D-04  6.507D-04 -4.122D+02
  880  908     0     0  con    0  1.0D+00  1.5D-04  2.334D-04 -4.122D+02
  881  909     0     0  con    0  1.0D+00  3.2D-04  1.356D-03 -4.122D+02
  882  910     0     0  con    0  1.0D+00  2.7D-04  1.554D-03 -4.122D+02
  883  911     0     0  con    0  1.0D+00  8.5D-05  5.595D-04 -4.122D+02
  884  912     0     0  con    0  1.0D+00  5.4D-05  3.586D-04 -4.122D+02
  885  913     0     0  con    0  1.0D+00  1.7D-04  6.815D-04 -4.122D+02
  886  914     0     0  con    0  1.0D+00  3.0D-04  1.938D-03 -4.122D+02
  887  915     0     0  con    0  1.0D+00  2.3D-04  4.778D-04 -4.122D+02
  888  916     0     0  con    0  1.0D+00  1.1D-04  2.388D-04 -4.122D+02
  889  917     0     0  con    0  1.0D+00  1.2D-04  5.189D-04 -4.122D+02
  890  918     0     0  con    0  1.0D+00  2.4D-04  1.460D-03 -4.122D+02
  891  919     0     0  con    0  1.0D+00  4.8D-05  3.519D-04 -4.122D+02
  892  920     0     0  con    0  1.0D+00  4.0D-05  2.350D-04 -4.122D+02
  893  921     0     0  con    0  1.0D+00  5.6D-05  2.462D-04 -4.122D+02
  894  922     0     0  con    0  1.0D+00  1.2D-04  9.730D-04 -4.122D+02
  895  923     0     0  con    0  1.0D+00  6.5D-05  2.647D-04 -4.122D+02
  896  924     0     0  con    0  1.0D+00  4.3D-05  2.138D-04 -4.122D+02
  897  925     0     0  con    0  1.0D+00  5.6D-05  2.850D-04 -4.122D+02
  898  926     0     0  con    0  1.0D+00  1.3D-04  6.950D-04 -4.122D+02
  899  927     0     0  con    0  1.0D+00  1.7D-04  9.462D-04 -4.122D+02
  900  928     0     0  con    0  1.0D+00  3.0D-05  1.727D-04 -4.122D+02
  901  929     0     0  con    0  1.0D+00  8.4D-06  1.568D-04 -4.122D+02
  902  930     0     0  con    0  1.0D+00  2.2D-05  2.564D-04 -4.122D+02
  903  931     0     0  con    0  1.0D+00  9.6D-05  6.358D-04 -4.122D+02
  904  932     0     0  con    0  1.0D+00  1.1D-04  4.484D-04 -4.122D+02
  905  933     0     0  con    0  1.0D+00  5.3D-05  1.829D-04 -4.122D+02
  906  934     0     0  con    0  1.0D+00  9.4D-05  3.299D-04 -4.122D+02
  907  935     0     0  con    0  1.0D+00  1.1D-04  5.222D-04 -4.122D+02
  908  936     0     0  con    0  1.0D+00  5.4D-05  2.225D-04 -4.122D+02
  909  937     0     0  con    0  1.0D+00  1.7D-04  2.335D-04 -4.122D+02
  910  938     0     0  con    0  1.0D+00  1.1D-04  5.305D-04 -4.122D+02
  911  939     0     0  con    0  1.0D+00  2.4D-04  2.195D-04 -4.122D+02
  912  940     0     0  con    0  1.0D+00  1.3D-04  5.586D-04 -4.122D+02
  913  941     0     0  con    0  1.0D+00  1.5D-04  4.237D-04 -4.122D+02
  914  942     0     0  con    0  1.0D+00  4.7D-05  3.037D-04 -4.122D+02
  915  943     0     0  con    0  1.0D+00  4.6D-05  2.093D-04 -4.122D+02
  916  944     0     0  con    0  1.0D+00  1.2D-04  4.391D-04 -4.122D+02
  917  945     0     0  con    0  1.0D+00  1.8D-04  6.601D-04 -4.122D+02
  918  946     0     0  con    0  1.0D+00  8.0D-05  4.125D-04 -4.122D+02
  919  947     0     0  con    0  1.0D+00  2.4D-04  4.782D-04 -4.122D+02
  920  948     0     0  con    0  1.0D+00  1.4D-04  6.015D-04 -4.122D+02
  921  949     0     0  con    0  1.0D+00  9.4D-06  3.469D-04 -4.122D+02
  922  950     0     0  con    0  1.0D+00  6.1D-05  2.116D-04 -4.122D+02
  923  951     0     0  con    0  1.0D+00  7.6D-05  4.068D-04 -4.122D+02
  924  952     0     0  con    0  1.0D+00  1.6D-04  3.228D-04 -4.122D+02
  925  953     0     0  con    0  1.0D+00  1.2D-04  1.123D-03 -4.122D+02
  926  954     0     0  con    0  1.0D+00  1.1D-05  3.942D-04 -4.122D+02
  927  955     0     0  con    0  1.0D+00  2.2D-05  1.265D-04 -4.122D+02
  928  956     0     0  con    0  1.0D+00  2.4D-05  2.134D-04 -4.122D+02
  929  957     0     0  con    0  1.0D+00  5.5D-05  1.039D-03 -4.122D+02
  930  958     0     0  con    0  1.0D+00  1.8D-05  2.529D-04 -4.122D+02
  931  959     0     0  con    0  1.0D+00  1.4D-05  1.165D-04 -4.122D+02
  932  960     0     0  con    0  1.0D+00  1.9D-05  1.727D-04 -4.122D+02
  933  961     0     0  con    0  1.0D+00  3.5D-05  2.473D-04 -4.122D+02
  934  963     0     0  con    1  4.7D-01  3.7D-05  4.951D-04 -4.122D+02
  935  964     0     0  con    0  1.0D+00  3.3D-05  1.497D-04 -4.122D+02
  936  965     0     0  con    0  1.0D+00  1.9D-05  6.002D-05 -4.122D+02
  937  966     0     0  con    0  1.0D+00  3.3D-05  2.526D-04 -4.122D+02
  938  967     0     0  con    0  1.0D+00  2.5D-05  3.846D-04 -4.122D+02
  939  968     0     0  con    0  1.0D+00  3.6D-06  1.362D-04 -4.122D+02
  940  969     0     0  con    0  1.0D+00  1.2D-05  1.135D-04 -4.122D+02
  941  970     0     0  con    0  1.0D+00  1.8D-05  1.818D-04 -4.122D+02
  942  971     0     0  con    0  1.0D+00  5.9D-05  6.976D-04 -4.122D+02
  943  972     0     0  con    0  1.0D+00  2.1D-05  1.573D-04 -4.122D+02
  944  973     0     0  con    0  1.0D+00  1.3D-05  9.996D-05 -4.122D+02
  945  974     0     0  con    0  1.0D+00  1.6D-05  9.959D-05 -4.122D+02
  946  975     0     0  con    0  1.0D+00  2.7D-05  2.443D-04 -4.122D+02
  947  976     0     0  con    0  1.0D+00  4.9D-05  1.496D-04 -4.122D+02
  948  977     0     0  con    0  1.0D+00  2.0D-05  7.308D-05 -4.122D+02
  949  978     0     0  con    0  1.0D+00  3.6D-05  1.194D-04 -4.122D+02
  950  979     0     0  con    0  1.0D+00  4.4D-05  3.686D-04 -4.122D+02
  951  980     0     0  con    0  1.0D+00  1.3D-05  1.635D-04 -4.122D+02
  952  981     0     0  con    0  1.0D+00  4.2D-05  1.310D-04 -4.122D+02
  953  982     0     0  con    0  1.0D+00  3.0D-05  1.193D-04 -4.122D+02
  954  983     0     0  con    0  1.0D+00  7.8D-05  6.789D-04 -4.122D+02
  955  984     0     0  con    0  1.0D+00  5.5D-06  9.860D-05 -4.122D+02
  956  985     0     0  con    0  1.0D+00  4.1D-06  7.729D-05 -4.122D+02
  957  986     0     0  con    0  1.0D+00  1.9D-05  1.543D-04 -4.122D+02
  958  987     0     0  con    0  1.0D+00  3.1D-05  2.453D-04 -4.122D+02
  959  988     0     0  con    0  1.0D+00  6.0D-05  2.192D-04 -4.122D+02
  960  989     0     0  con    0  1.0D+00  7.8D-06  6.877D-05 -4.122D+02
  961  990     0     0  con    0  1.0D+00  1.4D-05  1.002D-04 -4.122D+02
  962  991     0     0  con    0  1.0D+00  2.6D-05  1.650D-04 -4.122D+02
  963  992     0     0  con    0  1.0D+00  7.2D-05  4.410D-04 -4.122D+02
  964  993     0     0  con    0  1.0D+00  3.1D-06  9.197D-05 -4.122D+02
  965  994     0     0  con    0  1.0D+00  7.3D-06  4.112D-05 -4.122D+02
  966  995     0     0  con    0  1.0D+00  1.8D-05  7.430D-05 -4.122D+02
  967  996     0     0  con    0  1.0D+00  3.7D-05  3.235D-04 -4.122D+02
  968  997     0     0  con    0  1.0D+00  4.5D-05  9.427D-05 -4.122D+02
  969  998     0     0  con    0  1.0D+00  2.3D-05  3.374D-05 -4.122D+02
  970  999     0     0  con    0  1.0D+00  4.5D-05  1.260D-04 -4.122D+02
  971 1000     0     0  con    0  1.0D+00  5.1D-05  4.676D-04 -4.122D+02
  972 1001     0     0  con    0  1.0D+00  1.3D-05  1.018D-04 -4.122D+02
  973 1002     0     0  con    0  1.0D+00  5.0D-06  4.042D-05 -4.122D+02
  974 1003     0     0  con    0  1.0D+00  2.2D-05  1.472D-04 -4.122D+02
  975 1004     0     0  con    0  1.0D+00  4.2D-05  1.684D-04 -4.122D+02
  976 1005     0     0  con    0  1.0D+00  1.2D-04  7.729D-04 -4.122D+02
  977 1006     0     0  con    0  1.0D+00  3.8D-05  1.955D-04 -4.122D+02
  978 1007     0     0  con    0  1.0D+00  1.1D-05  6.012D-05 -4.122D+02
  979 1008     0     0  con    0  1.0D+00  3.8D-05  8.491D-05 -4.122D+02
  980 1009     0     0  con    0  1.0D+00  7.1D-05  2.683D-04 -4.122D+02
  981 1010     0     0  con    0  1.0D+00  1.2D-04  1.695D-04 -4.122D+02
  982 1011     0     0  con    0  1.0D+00  8.9D-05  1.915D-04 -4.122D+02
  983 1012     0     0  con    0  1.0D+00  1.8D-04  3.550D-04 -4.122D+02
  984 1013     0     0  con    0  1.0D+00  9.2D-05  3.133D-04 -4.122D+02
  985 1014     0     0  con    0  1.0D+00  2.7D-05  2.160D-04 -4.122D+02
  986 1015     0     0  con    0  1.0D+00  5.1D-05  2.544D-04 -4.122D+02
  987 1016     0     0  con    0  1.0D+00  8.6D-05  4.929D-04 -4.122D+02
  988 1017     0     0  con    0  1.0D+00  9.0D-05  2.034D-04 -4.122D+02
  989 1018     0     0  con    0  1.0D+00  1.8D-04  1.046D-04 -4.122D+02
  990 1019     0     0  con    0  1.0D+00  1.1D-04  4.118D-04 -4.122D+02
  991 1020     0     0  con    0  1.0D+00  8.3D-05  2.491D-04 -4.122D+02
  992 1021     0     0  con    0  1.0D+00  1.4D-04  1.883D-04 -4.122D+02
  993 1023     0     0  con    1  4.8D-01  2.1D-05  2.443D-04 -4.122D+02
  994 1024     0     0  con    0  1.0D+00  1.8D-05  8.839D-05 -4.122D+02
  995 1025     0     0  con    0  1.0D+00  3.5D-05  7.789D-05 -4.122D+02
  996 1026     0     0  con    0  1.0D+00  1.7D-05  3.507D-04 -4.122D+02
  997 1027     0     0  con    0  1.0D+00  1.1D-05  1.347D-04 -4.122D+02
  998 1028     0     0  con    0  1.0D+00  2.4D-05  9.830D-05 -4.122D+02
  999 1029     0     0  con    0  1.0D+00  2.0D-05  1.392D-04 -4.122D+02
 1000 1030     0     0  con    0  1.0D+00  5.1D-05  3.280D-04 -4.122D+02
 1001 1031     0     0  con    0  1.0D+00  8.3D-05  3.822D-04 -4.122D+02
 1002 1032     0     0  con    0  1.0D+00  6.9D-06  1.230D-04 -4.122D+02
 1003 1033     0     0  con    0  1.0D+00  3.7D-06  5.039D-05 -4.122D+02
 1004 1034     0     0  con    0  1.0D+00  1.2D-05  6.973D-05 -4.122D+02
 1005 1035     0     0  con    0  1.0D+00  3.1D-05  4.065D-05 -4.122D+02
 1006 1037     0     0  con    1  3.8D-01  3.1D-05  3.037D-04 -4.122D+02
 1007 1038     0     0  con    0  1.0D+00  4.3D-05  1.426D-04 -4.122D+02
 1008 1039     0     0  con    0  1.0D+00  4.5D-05  3.492D-05 -4.122D+02
 1009 1040     0     0  con    0  1.0D+00  5.9D-05  2.455D-04 -4.122D+02
 1010 1041     0     0  con    0  1.0D+00  7.0D-05  2.295D-04 -4.122D+02
 1011 1042     0     0  con    0  1.0D+00  8.4D-06  6.821D-05 -4.122D+02
 1012 1043     0     0  con    0  1.0D+00  2.6D-05  9.929D-05 -4.122D+02
 1013 1044     0     0  con    0  1.0D+00  3.3D-05  2.214D-04 -4.122D+02
 1014 1045     0     0  con    0  1.0D+00  6.6D-05  6.316D-05 -4.122D+02
 1015 1046     0     0  con    0  1.0D+00  8.0D-05  1.565D-04 -4.122D+02
 1016 1047     0     0  con    0  1.0D+00  1.3D-04  2.544D-04 -4.122D+02
 1017 1048     0     0  con    0  1.0D+00  1.1D-05  9.789D-05 -4.122D+02
 1018 1049     0     0  con    0  1.0D+00  3.2D-05  1.708D-04 -4.122D+02
 1019 1050     0     0  con    0  1.0D+00  7.6D-05  2.222D-04 -4.122D+02
 1020 1052     0     0  con    1  5.3D-01  1.3D-04  3.268D-04 -4.122D+02
 1021 1053     0     0  con    0  1.0D+00  1.1D-04  1.228D-04 -4.122D+02
 1022 1054     0     0  con    0  1.0D+00  1.3D-04  7.345D-05 -4.122D+02
 1023 1055     0     0  con    0  1.0D+00  1.1D-04  2.665D-04 -4.122D+02
 1024 1056     0     0  con    0  1.0D+00  9.2D-05  1.374D-04 -4.122D+02
 1025 1057     0     0  con    0  1.0D+00  2.5D-05  8.198D-05 -4.122D+02
 1026 1058     0     0  con    0  1.0D+00  9.2D-05  3.228D-04 -4.122D+02
 1027 1059     0     0  con    0  1.0D+00  7.9D-05  2.300D-04 -4.122D+02
 1028 1060     0     0  con    0  1.0D+00  4.6D-05  1.455D-04 -4.122D+02
 1029 1061     0     0  con    0  1.0D+00  2.1D-04  1.509D-04 -4.122D+02
 1030 1062     0     0  con    0  1.0D+00  1.3D-04  4.616D-04 -4.122D+02
 1031 1063     0     0  con    0  1.0D+00  2.9D-05  1.203D-04 -4.122D+02
 1032 1064     0     0  con    0  1.0D+00  2.5D-05  5.797D-05 -4.122D+02
 1033 1065     0     0  con    0  1.0D+00  6.8D-05  9.937D-05 -4.122D+02
 1034 1066     0     0  con    0  1.0D+00  8.3D-05  1.987D-04 -4.122D+02
 1035 1067     0     0  con    0  1.0D+00  1.5D-04  1.856D-04 -4.122D+02
 1036 1068     0     0  con    0  1.0D+00  8.3D-06  3.519D-05 -4.122D+02
 1037 1069     0     0  con    0  1.0D+00  7.2D-06  1.002D-04 -4.122D+02
 1038 1070     0     0  con    0  1.0D+00  3.2D-05  1.420D-04 -4.122D+02
 1039 1071     0     0  con    0  1.0D+00  1.1D-04  4.981D-04 -4.122D+02
 1040 1072     0     0  con    0  1.0D+00  2.6D-05  8.801D-05 -4.122D+02
 1041 1073     0     0  con    0  1.0D+00  4.1D-05  6.109D-05 -4.122D+02
 1042 1074     0     0  con    0  1.0D+00  7.1D-05  1.001D-04 -4.122D+02
 1043 1075     0     0  con    0  1.0D+00  9.8D-05  1.726D-04 -4.122D+02
 1044 1076     0     0  con    0  1.0D+00  1.8D-04  2.260D-04 -4.122D+02
 1045 1077     0     0  con    0  1.0D+00  8.2D-06  5.586D-05 -4.122D+02
 1046 1078     0     0  con    0  1.0D+00  1.1D-05  1.419D-04 -4.122D+02
 1047 1079     0     0  con    0  1.0D+00  3.9D-05  1.868D-04 -4.122D+02
 1048 1080     0     0  con    0  1.0D+00  8.3D-05  3.631D-04 -4.122D+02
 1049 1081     0     0  con    0  1.0D+00  2.7D-05  4.870D-05 -4.122D+02
 1050 1082     0     0  con    0  1.0D+00  4.2D-05  1.131D-04 -4.122D+02
 1051 1083     0     0  con    0  1.0D+00  5.3D-05  1.355D-04 -4.122D+02
 1052 1084     0     0  con    0  1.0D+00  1.4D-04  6.341D-04 -4.122D+02
 1053 1085     0     0  con    0  1.0D+00  2.5D-05  9.774D-05 -4.122D+02
 1054 1086     0     0  con    0  1.0D+00  2.3D-05  9.862D-05 -4.122D+02
 1055 1087     0     0  con    0  1.0D+00  5.5D-05  1.953D-04 -4.122D+02
 1056 1088     0     0  con    0  1.0D+00  9.5D-05  4.198D-04 -4.122D+02
 1057 1089     0     0  con    0  1.0D+00  9.0D-05  1.375D-04 -4.122D+02
 1058 1090     0     0  con    0  1.0D+00  2.1D-05  4.251D-05 -4.122D+02
 1059 1091     0     0  con    0  1.0D+00  3.9D-05  9.454D-05 -4.122D+02
 1060 1092     0     0  con    0  1.0D+00  6.8D-05  2.374D-04 -4.122D+02
 1061 1093     0     0  con    0  1.0D+00  3.2D-05  1.006D-04 -4.122D+02
 1062 1094     0     0  con    0  1.0D+00  3.1D-05  4.225D-05 -4.122D+02
 1063 1095     0     0  con    0  1.0D+00  3.5D-05  7.683D-05 -4.122D+02
 1064 1096     0     0  con    0  1.0D+00  7.9D-05  4.279D-04 -4.122D+02
 1065 1097     0     0  con    0  1.0D+00  4.0D-06  7.027D-05 -4.122D+02
 1066 1098     0     0  con    0  1.0D+00  4.2D-06  2.174D-05 -4.122D+02
 1067 1099     0     0  con    0  1.0D+00  2.0D-05  7.963D-05 -4.122D+02
 1068 1100     0     0  con    0  1.0D+00  3.1D-05  8.062D-05 -4.122D+02
 1069 1101     0     0  con    0  1.0D+00  8.9D-05  3.826D-04 -4.122D+02
 1070 1102     0     0  con    0  1.0D+00  5.2D-06  7.683D-05 -4.122D+02
 1071 1103     0     0  con    0  1.0D+00  2.1D-06  4.515D-05 -4.122D+02
 1072 1104     0     0  con    0  1.0D+00  1.4D-05  6.634D-05 -4.122D+02
 1073 1105     0     0  con    0  1.0D+00  3.4D-05  2.776D-04 -4.122D+02
 1074 1106     0     0  con    0  1.0D+00  6.2D-06  9.420D-05 -4.122D+02
 1075 1107     0     0  con    0  1.0D+00  1.2D-05  2.878D-05 -4.122D+02
 1076 1108     0     0  con    0  1.0D+00  1.4D-05  6.191D-05 -4.122D+02
 1077 1109     0     0  con    0  1.0D+00  2.3D-05  8.382D-05 -4.122D+02
 1078 1110     0     0  con    0  1.0D+00  3.9D-05  1.944D-04 -4.122D+02
 1079 1111     0     0  con    0  1.0D+00  1.1D-05  3.673D-05 -4.122D+02
 1080 1112     0     0  con    0  1.0D+00  2.4D-06  3.386D-05 -4.122D+02
 1081 1113     0     0  con    0  1.0D+00  9.9D-06  4.405D-05 -4.122D+02
 1082 1114     0     0  con    0  1.0D+00  2.1D-05  2.547D-04 -4.122D+02
 1083 1115     0     0  con    0  1.0D+00  1.1D-05  9.633D-05 -4.122D+02
 1084 1116     0     0  con    0  1.0D+00  1.1D-05  2.730D-05 -4.122D+02
 1085 1117     0     0  con    0  1.0D+00  7.1D-06  6.261D-05 -4.122D+02
 1086 1118     0     0  con    0  1.0D+00  1.7D-05  5.836D-05 -4.122D+02
 1087 1119     0     0  con    0  1.0D+00  2.0D-05  1.852D-04 -4.122D+02
 1088 1120     0     0  con    0  1.0D+00  3.0D-06  5.652D-05 -4.122D+02
 1089 1121     0     0  con    0  1.0D+00  2.3D-06  1.468D-05 -4.122D+02
 1090 1122     0     0  con    0  1.0D+00  6.9D-06  5.187D-05 -4.122D+02
 1091 1123     0     0  con    0  1.0D+00  1.2D-05  8.822D-05 -4.122D+02
 1092 1125     0     0  con    1  3.7D-01  1.1D-05  1.023D-04 -4.122D+02
 1093 1126     0     0  con    0  1.0D+00  1.5D-05  2.928D-05 -4.122D+02
 1094 1127     0     0  con    0  1.0D+00  7.8D-06  1.332D-05 -4.122D+02
 1095 1128     0     0  con    0  1.0D+00  1.6D-05  3.390D-05 -4.122D+02
 1096 1130     0     0  con    1  4.2D-01  7.6D-06  1.090D-04 -4.122D+02
 1097 1131     0     0  con    0  1.0D+00  8.9D-06  5.262D-05 -4.122D+02
 1098 1132     0     0  con    0  1.0D+00  1.0D-05  2.678D-05 -4.122D+02
 1099 1133     0     0  con    0  1.0D+00  1.2D-05  1.057D-04 -4.122D+02
 1100 1134     0     0  con    0  1.0D+00  3.7D-06  4.496D-05 -4.122D+02
 1101 1135     0     0  con    0  1.0D+00  3.6D-06  1.911D-05 -4.122D+02
 1102 1136     0     0  con    0  1.0D+00  5.6D-06  4.315D-05 -4.122D+02
 1103 1137     0     0  con    0  1.0D+00  1.4D-05  1.098D-04 -4.122D+02
 1104 1138     0     0  con    0  1.0D+00  1.9D-06  1.697D-05 -4.122D+02
 1105 1139     0     0  con    0  1.0D+00  2.7D-06  1.641D-05 -4.122D+02
 1106 1140     0     0  con    0  1.0D+00  6.5D-06  3.663D-05 -4.122D+02
 1107 1141     0     0  con    0  1.0D+00  1.5D-05  8.390D-05 -4.122D+02
 1108 1142     0     0  con    0  1.0D+00  1.0D-05  2.307D-05 -4.122D+02
 1109 1143     0     0  con    0  1.0D+00  7.1D-06  2.135D-05 -4.122D+02
 1110 1144     0     0  con    0  1.0D+00  6.3D-06  3.738D-05 -4.122D+02
 1111 1145     0     0  con    0  1.0D+00  9.2D-06  4.320D-05 -4.122D+02
 1112 1146     0     0  con    0  1.0D+00  2.1D-06  2.544D-05 -4.122D+02
 1113 1147     0     0  con    0  1.0D+00  4.4D-06  2.445D-05 -4.122D+02
 1114 1148     0     0  con    0  1.0D+00  4.8D-06  4.651D-05 -4.122D+02
 1115 1149     0     0  con    0  1.0D+00  1.1D-05  5.524D-05 -4.122D+02
 1116 1150     0     0  con    0  1.0D+00  4.9D-06  3.022D-05 -4.122D+02
 1117 1151     0     0  con    0  1.0D+00  3.6D-06  2.479D-05 -4.122D+02
 1118 1152     0     0  con    0  1.0D+00  3.9D-06  2.023D-05 -4.122D+02
 1119 1153     0     0  con    0  1.0D+00  1.3D-05  8.521D-05 -4.122D+02
 1120 1154     0     0  con    0  1.0D+00  8.9D-07  1.241D-05 -4.122D+02
 1121 1155     0     0  con    0  1.0D+00  1.1D-06  1.155D-05 -4.122D+02
 1122 1156     0     0  con    0  1.0D+00  4.3D-06  2.166D-05 -4.122D+02
 1123 1157     0     0  con    0  1.0D+00  8.8D-06  9.247D-05 -4.122D+02
 1124 1158     0     0  con    0  1.0D+00  2.6D-06  2.527D-05 -4.122D+02
 1125 1159     0     0  con    0  1.0D+00  3.4D-06  1.255D-05 -4.122D+02
 1126 1160     0     0  con    0  1.0D+00  5.7D-06  2.421D-05 -4.122D+02
 1127 1161     0     0  con    0  1.0D+00  9.2D-06  4.508D-05 -4.122D+02
 1128 1162     0     0  con    0  1.0D+00  1.5D-05  7.625D-05 -4.122D+02
 1129 1163     0     0  con    0  1.0D+00  3.3D-06  6.763D-06 -4.122D+02
 1130 1164     0     0  con    0  1.0D+00  1.2D-06  1.833D-05 -4.122D+02
 1131 1165     0     0  con    0  1.0D+00  2.7D-06  3.443D-05 -4.122D+02
 1132 1166     0     0  con    0  1.0D+00  9.1D-06  6.741D-05 -4.122D+02
 1133 1167     0     0  con    0  1.0D+00  4.4D-06  1.940D-05 -4.122D+02
 1134 1168     0     0  con    0  1.0D+00  4.4D-06  1.398D-05 -4.122D+02
 1135 1169     0     0  con    0  1.0D+00  5.4D-06  1.694D-05 -4.122D+02
 1136 1170     0     0  con    0  1.0D+00  8.5D-06  2.890D-05 -4.122D+02
 1137 1171     0     0  con    0  1.0D+00  1.1D-05  2.391D-05 -4.122D+02
 1138 1172     0     0  con    0  1.0D+00  3.7D-06  8.111D-06 -4.122D+02
 1139 1173     0     0  con    0  1.0D+00  4.3D-06  2.826D-05 -4.122D+02
 1140 1174     0     0  con    0  1.0D+00  7.2D-06  9.254D-05 -4.122D+02
 1141 1175     0     0  con    0  1.0D+00  2.9D-06  2.260D-05 -4.122D+02
 1142 1176     0     0  con    0  1.0D+00  6.0D-07  8.439D-06 -4.122D+02
 1143 1177     0     0  con    0  1.0D+00  2.7D-06  2.221D-05 -4.122D+02
 1144 1178     0     0  con    0  1.0D+00  4.0D-06  2.208D-05 -4.122D+02
 1145 1180     0     0  con    1  3.2D-01  3.1D-06  5.069D-05 -4.122D+02
 1146 1181     0     0  con    0  1.0D+00  4.6D-06  1.272D-05 -4.122D+02
 1147 1182     0     0  con    0  1.0D+00  2.1D-06  4.427D-06 -4.122D+02
 1148 1183     0     0  con    0  1.0D+00  4.6D-06  2.075D-05 -4.122D+02
 1149 1184     0     0  con    0  1.0D+00  3.6D-06  6.227D-05 -4.122D+02
 1150 1185     0     0  con    0  1.0D+00  9.5D-07  1.624D-05 -4.122D+02
 1151 1186     0     0  con    0  1.0D+00  6.3D-07  5.253D-06 -4.122D+02
 1152 1187     0     0  con    0  1.0D+00  1.2D-06  1.559D-05 -4.122D+02
 1153 1188     0     0  con    0  1.0D+00  2.3D-06  2.610D-05 -4.122D+02
 1154 1189     0     0  con    0  1.0D+00  4.2D-06  3.395D-05 -4.122D+02
 1155 1190     0     0  con    0  1.0D+00  5.8D-07  4.076D-06 -4.122D+02
 1156 1191     0     0  con    0  1.0D+00  6.2D-07  9.193D-06 -4.122D+02
 1157 1192     0     0  con    0  1.0D+00  1.9D-06  1.382D-05 -4.122D+02
 1158 1193     0     0  con    0  1.0D+00  4.9D-06  5.022D-05 -4.122D+02
 1159 1194     0     0  con    0  1.0D+00  2.0D-06  1.919D-05 -4.122D+02
 1160 1195     0     0  con    0  1.0D+00  1.8D-06  7.316D-06 -4.122D+02
 1161 1196     0     0  con    0  1.0D+00  2.2D-06  1.015D-05 -4.122D+02
 1162 1197     0     0  con    0  1.0D+00  4.0D-06  2.894D-05 -4.122D+02
 1163 1198     0     0  con    0  1.0D+00  8.8D-06  3.293D-05 -4.122D+02
 1164 1199     0     0  con    0  1.0D+00  1.8D-06  1.120D-05 -4.122D+02
 1165 1200     0     0  con    0  1.0D+00  1.6D-06  2.248D-05 -4.122D+02
 1166 1201     0     0  con    0  1.0D+00  4.3D-06  3.674D-05 -4.122D+02
 1167 1202     0     0  con    0  1.0D+00  7.1D-06  2.661D-05 -4.122D+02
 1168 1203     0     0  con    0  1.0D+00  2.6D-06  1.146D-05 -4.122D+02
 1169 1204     0     0  con    0  1.0D+00  5.3D-06  1.351D-05 -4.122D+02
 1170 1205     0     0  con    0  1.0D+00  4.2D-06  2.562D-05 -4.122D+02
 1171 1206     0     0  con    0  1.0D+00  3.2D-06  1.597D-05 -4.122D+02
 1172 1207     0     0  con    0  1.0D+00  8.0D-06  1.561D-05 -4.122D+02
 1173 1208     0     0  con    0  1.0D+00  5.6D-06  4.768D-05 -4.122D+02
 1174 1209     0     0  con    0  1.0D+00  1.0D-06  1.481D-05 -4.122D+02
 1175 1210     0     0  con    0  1.0D+00  5.3D-07  7.851D-06 -4.122D+02
 1176 1211     0     0  con    0  1.0D+00  1.7D-06  1.552D-05 -4.122D+02
 1177 1212     0     0  con    0  1.0D+00  3.6D-06  1.732D-05 -4.122D+02
 1178 1214     0     0  con    1  2.8D-01  2.3D-06  3.148D-05 -4.122D+02
 1179 1215     0     0  con    0  1.0D+00  3.5D-06  8.720D-06 -4.122D+02
 1180 1216     0     0  con    0  1.0D+00  1.8D-06  3.282D-06 -4.122D+02
 1181 1217     0     0  con    0  1.0D+00  3.4D-06  1.233D-05 -4.122D+02
 1182 1218     0     0  con    0  1.0D+00  1.8D-06  2.523D-05 -4.122D+02
 1183 1219     0     0  con    0  1.0D+00  7.7D-07  6.181D-06 -4.122D+02
 1184 1220     0     0  con    0  1.0D+00  3.3D-07  2.165D-06 -4.122D+02
 1185 1221     0     0  con    0  1.0D+00  5.3D-07  5.696D-06 -4.122D+02
 1186 1222     0     0  con    0  1.0D+00  1.1D-06  1.191D-05 -4.122D+02
 1187 1223     0     0  con    0  1.0D+00  2.6D-06  2.953D-05 -4.122D+02
 1188 1224     0     0  con    0  1.0D+00  3.8D-07  2.852D-06 -4.122D+02
 1189 1225     0     0  con    0  1.0D+00  2.9D-07  3.511D-06 -4.122D+02
 1190 1226     0     0  con    0  1.0D+00  1.1D-06  6.231D-06 -4.122D+02
 1191 1228     0     0  con    1  4.8D-01  1.1D-06  1.271D-05 -4.122D+02
 1192 1229     0     0  con    0  1.0D+00  8.7D-07  5.026D-06 -4.122D+02
 1193 1230     0     0  con    0  1.0D+00  8.9D-07  1.616D-06 -4.122D+02
 1194 1231     0     0  con    0  1.0D+00  8.1D-07  4.742D-06 -4.122D+02
 1195 1232     0     0  con    0  1.0D+00  1.8D-06  1.425D-05 -4.122D+02
 1196 1233     0     0  con    0  1.0D+00  9.2D-07  4.165D-06 -4.122D+02
 1197 1234     0     0  con    0  1.0D+00  8.2D-07  3.968D-06 -4.122D+02
 1198 1235     0     0  con    0  1.0D+00  1.1D-06  6.633D-06 -4.122D+02
 1199 1236     0     0  con    0  1.0D+00  2.8D-06  2.451D-05 -4.122D+02
 1200 1237     0     0  con    0  1.0D+00  6.5D-07  6.524D-06 -4.122D+02
 1201 1238     0     0  con    0  1.0D+00  9.2D-07  3.277D-06 -4.122D+02
 1202 1239     0     0  con    0  1.0D+00  1.1D-06  4.954D-06 -4.122D+02
 1203 1240     0     0  con    0  1.0D+00  1.8D-06  6.191D-06 -4.122D+02
 1204 1242     0     0  con    1  3.7D-01  1.5D-06  1.443D-05 -4.122D+02
 1205 1243     0     0  con    0  1.0D+00  1.5D-06  4.168D-06 -4.122D+02
 1206 1244     0     0  con    0  1.0D+00  1.0D-06  2.286D-06 -4.122D+02
 1207 1245     0     0  con    0  1.0D+00  2.6D-06  6.787D-06 -4.122D+02
 1208 1246     0     0  con    0  1.0D+00  2.6D-06  1.961D-05 -4.122D+02
 1209 1247     0     0  con    0  1.0D+00  3.2D-07  5.140D-06 -4.122D+02
 1210 1248     0     0  con    0  1.0D+00  4.9D-07  2.872D-06 -4.122D+02
 1211 1249     0     0  con    0  1.0D+00  6.3D-07  3.436D-06 -4.122D+02
 1212 1250     0     0  con    0  1.0D+00  2.1D-06  1.923D-05 -4.122D+02
 1213 1251     0     0  con    0  1.0D+00  1.5D-06  6.302D-06 -4.122D+02
 1214 1252     0     0  con    0  1.0D+00  2.0D-06  2.887D-06 -4.122D+02
 1215 1253     0     0  con    0  1.0D+00  2.0D-06  8.828D-06 -4.122D+02
 1216 1254     0     0  con    0  1.0D+00  3.1D-06  2.146D-05 -4.122D+02
 1217 1255     0     0  con    0  1.0D+00  5.4D-07  3.507D-06 -4.122D+02
 1218 1256     0     0  con    0  1.0D+00  1.4D-07  2.103D-06 -4.122D+02
 1219 1257     0     0  con    0  1.0D+00  4.7D-07  5.087D-06 -4.122D+02
 1220 1258     0     0  con    0  1.0D+00  1.3D-06  8.105D-06 -4.122D+02
 1221 1260     0     0  con    1  4.9D-01  1.7D-06  1.635D-05 -4.122D+02
 1222 1261     0     0  con    0  1.0D+00  1.6D-06  3.827D-06 -4.122D+02
 1223 1262     0     0  con    0  1.0D+00  7.1D-07  1.549D-06 -4.122D+02
 1224 1263     0     0  con    0  1.0D+00  1.1D-06  4.018D-06 -4.122D+02
 1225 1264     0     0  con    0  1.0D+00  1.6D-06  1.353D-05 -4.122D+02
 1226 1265     0     0  con    0  1.0D+00  4.0D-07  4.792D-06 -4.122D+02
 1227 1266     0     0  con    0  1.0D+00  8.8D-07  4.852D-06 -4.122D+02
 1228 1267     0     0  con    0  1.0D+00  9.8D-07  5.816D-06 -4.122D+02
 1229 1269     0     0  con    1  4.8D-01  1.5D-06  1.381D-05 -4.122D+02
 1230 1270     0     0  con    0  1.0D+00  1.6D-06  3.563D-06 -4.122D+02
 1231 1271     0     0  con    0  1.0D+00  8.1D-07  1.147D-06 -4.122D+02
 1232 1272     0     0  con    0  1.0D+00  9.8D-07  6.001D-06 -4.122D+02
 1233 1274     0     0  con    1  2.7D-01  3.7D-07  3.850D-06 -4.122D+02
 1234 1275     0     0  con    0  1.0D+00  1.4D-06  2.677D-06 -4.122D+02
 1235 1276     0     0  con    0  1.0D+00  2.1D-06  9.203D-06 -4.122D+02
 1236 1277     0     0  con    0  1.0D+00  1.7D-06  4.192D-06 -4.122D+02
 1237 1278     0     0  con    0  1.0D+00  1.6D-06  1.679D-06 -4.122D+02
 1238 1279     0     0  con    0  1.0D+00  1.5D-06  5.842D-06 -4.122D+02
 1239 1280     0     0  con    0  1.0D+00  2.4D-06  7.148D-06 -4.122D+02
 1240 1281     0     0  con    0  1.0D+00  5.5D-06  1.498D-05 -4.122D+02
 1241 1282     0     0  con    0  1.0D+00  1.8D-06  6.637D-06 -4.122D+02
 1242 1283     0     0  con    0  1.0D+00  8.3D-07  7.410D-06 -4.122D+02
 1243 1284     0     0  con    0  1.0D+00  5.7D-06  1.993D-05 -4.122D+02
 1244 1285     0     0  con    0  1.0D+00  8.7D-06  1.960D-05 -4.122D+02
 1245 1286     0     0  con    0  1.0D+00  7.7D-07  3.432D-06 -4.122D+02
 1246 1287     0     0  con    0  1.0D+00  1.5D-06  3.463D-06 -4.122D+02
 1247 1288     0     0  con    0  1.0D+00  3.1D-06  6.535D-06 -4.122D+02
 1248 1289     0     0  con    0  1.0D+00  9.2D-06  1.834D-05 -4.122D+02
 1249 1290     0     0  con    0  1.0D+00  2.7D-06  4.043D-06 -4.122D+02
 1250 1291     0     0  con    0  1.0D+00  2.7D-06  4.240D-06 -4.122D+02
 1251 1292     0     0  con    0  1.0D+00  3.8D-06  6.125D-06 -4.122D+02
 1252 1293     0     0  con    0  1.0D+00  5.7D-06  1.567D-05 -4.122D+02
 1253 1294     0     0  con    0  1.0D+00  5.0D-06  4.883D-06 -4.122D+02
 1254 1295     0     0  con    0  1.0D+00  1.7D-06  3.682D-06 -4.122D+02
 1255 1296     0     0  con    0  1.0D+00  2.0D-06  6.167D-06 -4.122D+02
 1256 1297     0     0  con    0  1.0D+00  3.4D-06  1.064D-05 -4.122D+02
 1257 1298     0     0  con    0  1.0D+00  2.0D-06  4.267D-06 -4.122D+02
 1258 1299     0     0  con    0  1.0D+00  1.5D-06  5.195D-06 -4.122D+02
 1259 1300     0     0  con    0  1.0D+00  2.2D-06  6.845D-06 -4.122D+02
 1260 1301     0     0  con    0  1.0D+00  2.1D-06  5.289D-06 -4.122D+02
 1261 1302     0     0  con    0  1.0D+00  2.7D-07  2.215D-06 -4.122D+02
 1262 1303     0     0  con    0  1.0D+00  1.4D-06  2.133D-06 -4.122D+02
 1263 1304     0     0  con    0  1.0D+00  1.7D-06  7.242D-06 -4.122D+02

CONVERGENCE: REL_REDUCTION_OF_F_<=_FACTR*EPSMCH             

 Total User time 2.129E+02 seconds.

