60 4260
61 4261
62 4262
63 4263
64 4264
65 4265
66 4266
67 4267
68 4268
69 4269
70 4270
71 4271
72 4272
73 4273
74 4274
75 4275
76 4276
77 4277
78 4278
79 4279
80 4280
81 4281
82 4282
83 4283
84 4284
85 4285
86 4286
87 4287
88 4288
89 4289
90 4290
91 4291
92 4292
93 4293
94 4294
95 4295
96 4296
97 4297
98 4298
99 4299
100 4300
101 4301
102 4302
103 4303
104 4304
105 4305
106 4306
107 4307
108 4308
109 4309
110 4310
111 4311
112 4312
113 4313
114 4314
115 4315
116 4316
117 4317
118 4318
119 4319
