832
0.000000 0.000000 0.000000
0.000000 0.100000 0.000000
0.000000 0.200000 0.000000
0.000000 0.300000 0.000000
0.000000 0.400000 0.000000
0.000000 0.500000 0.000000
0.000000 0.600000 0.000000
0.000000 0.700000 0.000000
0.000000 0.800000 0.000000
0.000000 0.900000 0.000000
0.000000 1.000000 0.000000
0.099568 0.995031 0.000000
0.198146 0.980172 0.000000
0.294755 0.955573 0.000000
0.388435 0.921476 0.000000
0.478254 0.878222 0.000000
0.563320 0.826239 0.000000
0.642788 0.766044 0.000000
0.715867 0.698237 0.000000
0.781831 0.623490 0.000000
0.840026 0.542546 0.000000
0.889872 0.456211 0.000000
0.930874 0.365341 0.000000
0.962624 0.270840 0.000000
0.984808 0.173648 0.000000
0.997204 0.074730 0.000000
0.999689 -0.024931 0.000000
0.992239 -0.124344 0.000000
0.974928 -0.222521 0.000000
0.947927 -0.318487 0.000000
0.911506 -0.411287 0.000000
0.866025 -0.500000 0.000000
0.811938 -0.583744 0.000000
0.749781 -0.661686 0.000000
0.680173 -0.733052 0.000000
0.603804 -0.797133 0.000000
0.521435 -0.853291 0.000000
0.433884 -0.900969 0.000000
0.342020 -0.939693 0.000000
0.246757 -0.969077 0.000000
0.149042 -0.988831 0.000000
0.049846 -0.998757 0.000000
-0.049846 -0.998757 0.000000
-0.149042 -0.988831 0.000000
-0.246757 -0.969077 0.000000
-0.342020 -0.939693 0.000000
-0.433884 -0.900969 0.000000
-0.521435 -0.853291 0.000000
-0.603804 -0.797133 0.000000
-0.680173 -0.733052 0.000000
-0.749781 -0.661686 0.000000
-0.811938 -0.583744 0.000000
-0.866025 -0.500000 0.000000
-0.911506 -0.411287 0.000000
-0.947927 -0.318487 0.000000
-0.974928 -0.222521 0.000000
-0.992239 -0.124344 0.000000
-0.999689 -0.024931 0.000000
-0.997204 0.074730 0.000000
-0.984808 0.173648 0.000000
-0.962624 0.270840 0.000000
-0.930874 0.365341 0.000000
-0.889872 0.456211 0.000000
-0.840026 0.542546 0.000000
-0.781831 0.623490 0.000000
-0.715867 0.698237 0.000000
-0.642788 0.766044 0.000000
-0.563320 0.826239 0.000000
-0.478254 0.878222 0.000000
-0.388435 0.921476 0.000000
-0.294755 0.955573 0.000000
-0.198146 0.980172 0.000000
-0.099568 0.995031 0.000000
-0.101485 0.887380 0.000000
-0.199431 0.872279 0.000000
-0.295567 0.852678 0.000000
-0.389305 0.823604 0.000000
-0.475260 0.782383 0.000000
-0.553235 0.733317 0.000000
-0.626874 0.679797 0.000000
-0.692136 0.610793 0.000000
-0.741007 0.534886 0.000000
-0.786307 0.457523 0.000000
-0.828854 0.378456 0.000000
-0.869889 0.297276 0.000000
-0.896828 0.205170 0.000000
-0.904802 0.115145 0.000000
-0.910205 0.025048 0.000000
-0.910857 -0.066350 0.000000
-0.903932 -0.158422 0.000000
-0.884185 -0.250235 0.000000
-0.855034 -0.336482 0.000000
-0.821976 -0.418816 0.000000
-0.773071 -0.499463 0.000000
-0.713432 -0.566224 0.000000
-0.652404 -0.631351 0.000000
-0.588611 -0.694920 0.000000
-0.521569 -0.757021 0.000000
-0.439605 -0.806788 0.000000
-0.356610 -0.839302 0.000000
-0.272226 -0.870922 0.000000
-0.183453 -0.897837 0.000000
-0.092275 -0.915144 0.000000
0.001354 -0.920161 0.000000
0.094599 -0.912545 0.000000
0.183875 -0.893912 0.000000
0.269631 -0.872298 0.000000
0.355164 -0.849586 0.000000
0.441882 -0.810844 0.000000
0.515804 -0.756929 0.000000
0.585479 -0.697063 0.000000
0.649691 -0.632600 0.000000
0.709980 -0.566674 0.000000
0.769817 -0.499618 0.000000
0.818412 -0.416937 0.000000
0.847713 -0.331330 0.000000
0.874604 -0.245950 0.000000
0.898842 -0.159547 0.000000
0.919603 -0.071152 0.000000
0.923010 0.024311 0.000000
0.908410 0.114457 0.000000
0.886504 0.203367 0.000000
0.861770 0.289132 0.000000
0.836746 0.374452 0.000000
0.794380 0.460023 0.000000
0.738687 0.531283 0.000000
0.681248 0.600289 0.000000
0.621391 0.667145 0.000000
0.558498 0.732449 0.000000
0.480492 0.787190 0.000000
0.397480 0.824164 0.000000
0.311078 0.857352 0.000000
0.217035 0.885212 0.000000
0.104257 0.883749 0.000000
-0.102038 0.780650 0.000000
-0.106133 0.673435 0.000000
-0.085354 0.558549 0.000000
-0.082887 0.451395 0.000000
-0.083923 0.349420 0.000000
-0.085195 0.249639 0.000000
-0.086131 0.150238 0.000000
-0.086687 0.050778 0.000000
0.084348 0.763591 0.000000
0.087935 0.656265 0.000000
0.092809 0.553725 0.000000
0.094557 0.454107 0.000000
0.092753 0.354007 0.000000
0.089238 0.251789 0.000000
0.088042 0.150265 0.000000
0.087370 0.049072 0.000000
-0.087846 -0.048600 0.000000
-0.002394 -0.100351 0.000000
0.086246 -0.052184 0.000000
0.163391 0.808287 0.000000
0.245333 0.782959 0.000000
0.326486 0.754178 0.000000
0.405103 0.725738 0.000000
0.480583 0.701472 0.000000
0.528485 0.636537 0.000000
0.580374 0.568868 0.000000
0.635069 0.502983 0.000000
0.691442 0.439622 0.000000
0.749525 0.383137 0.000000
0.757260 0.302279 0.000000
0.779727 0.223126 0.000000
0.811603 0.139149 0.000000
0.833024 0.056039 0.000000
0.853437 -0.021732 0.000000
0.825375 -0.097820 0.000000
0.795653 -0.178159 0.000000
0.768378 -0.259175 0.000000
0.746276 -0.340505 0.000000
0.731118 -0.420735 0.000000
0.667691 -0.471543 0.000000
0.608430 -0.530293 0.000000
0.553198 -0.595776 0.000000
0.493522 -0.661238 0.000000
0.428536 -0.718404 0.000000
0.367888 -0.768566 0.000000
0.287136 -0.773798 0.000000
0.209439 -0.790455 0.000000
0.129115 -0.816800 0.000000
0.046778 -0.838222 0.000000
-0.041321 -0.840889 0.000000
-0.124423 -0.826142 0.000000
-0.208758 -0.801753 0.000000
-0.290345 -0.765765 0.000000
-0.367069 -0.735633 0.000000
-0.446233 -0.719718 0.000000
-0.499558 -0.655833 0.000000
-0.558018 -0.592484 0.000000
-0.617251 -0.530815 0.000000
-0.678357 -0.472877 0.000000
-0.738679 -0.421556 0.000000
-0.757403 -0.345742 0.000000
-0.789473 -0.273370 0.000000
-0.817958 -0.188845 0.000000
-0.821775 -0.101483 0.000000
-0.818795 -0.014462 0.000000
-0.813286 0.072012 0.000000
-0.810848 0.156622 0.000000
-0.813322 0.235934 0.000000
-0.764807 0.304733 0.000000
-0.721114 0.378099 0.000000
-0.681344 0.453362 0.000000
-0.644057 0.528999 0.000000
-0.609437 0.600681 0.000000
-0.541216 0.641820 0.000000
-0.470015 0.686750 0.000000
-0.392622 0.729365 0.000000
-0.302175 0.759109 0.000000
-0.201138 0.770658 0.000000
0.169977 0.711978 0.000000
0.256696 0.678526 0.000000
0.341777 0.649463 0.000000
0.429842 0.628572 0.000000
0.179072 0.610931 0.000000
0.272016 0.573293 0.000000
0.368433 0.549450 0.000000
0.189813 0.509012 0.000000
0.293769 0.467387 0.000000
0.189636 0.409663 0.000000
0.180565 0.304518 0.000000
0.177556 0.201759 0.000000
0.175476 0.099388 0.000000
0.174498 -0.003086 0.000000
0.274029 0.356802 0.000000
0.270953 0.254053 0.000000
0.265698 0.151251 0.000000
0.262658 0.047739 0.000000
-0.217802 0.685596 0.000000
-0.170656 0.595167 0.000000
-0.164393 0.494752 0.000000
-0.166548 0.395898 0.000000
-0.169584 0.298128 0.000000
-0.171715 0.200249 0.000000
-0.172798 0.101740 0.000000
-0.173490 0.002882 0.000000
-0.317090 0.671495 0.000000
-0.255491 0.611706 0.000000
-0.247073 0.528355 0.000000
-0.396354 0.632109 0.000000
-0.470998 0.587634 0.000000
-0.549400 0.546553 0.000000
-0.327930 0.574643 0.000000
-0.403682 0.532096 0.000000
-0.485927 0.488758 0.000000
-0.249145 0.437239 0.000000
-0.329725 0.481232 0.000000
-0.416401 0.434985 0.000000
-0.254021 0.343581 0.000000
-0.338503 0.387413 0.000000
-0.257896 0.248432 0.000000
-0.346314 0.294263 0.000000
-0.435952 0.338936 0.000000
-0.259399 0.151783 0.000000
-0.349225 0.199504 0.000000
-0.443712 0.244804 0.000000
-0.259295 0.053698 0.000000
-0.347272 0.102243 0.000000
-0.439780 0.145158 0.000000
-0.512011 0.392706 0.000000
-0.579398 0.460848 0.000000
-0.612271 0.375161 0.000000
-0.657935 0.296090 0.000000
-0.723888 0.220461 0.000000
-0.543645 0.290518 0.000000
-0.626117 0.206396 0.000000
-0.532846 0.182970 0.000000
0.476475 0.550256 0.000000
0.528044 0.471686 0.000000
0.589064 0.403004 0.000000
0.662822 0.341119 0.000000
0.419534 0.466551 0.000000
0.367124 0.394027 0.000000
0.370471 0.304067 0.000000
0.361530 0.203152 0.000000
0.352920 0.100887 0.000000
0.475844 0.369889 0.000000
0.563641 0.303386 0.000000
0.460789 0.260013 0.000000
0.450900 0.153312 0.000000
0.546571 0.204946 0.000000
0.660957 0.244894 0.000000
0.712880 0.155354 0.000000
0.620126 0.156343 0.000000
0.739941 0.067117 0.000000
0.770272 -0.019369 0.000000
0.644574 0.073251 0.000000
0.681310 -0.017605 0.000000
0.538874 0.094140 0.000000
0.591114 -0.007871 0.000000
0.436494 0.051255 0.000000
0.507690 -0.002499 0.000000
0.349614 -0.004816 0.000000
0.435715 -0.059139 0.000000
0.263022 -0.056765 0.000000
0.174178 -0.105186 0.000000
0.084079 -0.152544 0.000000
0.354795 -0.112409 0.000000
0.265100 -0.160233 0.000000
0.172396 -0.205984 0.000000
-0.715928 0.131067 0.000000
-0.718734 0.039251 0.000000
-0.728295 -0.049434 0.000000
-0.738329 -0.138917 0.000000
-0.735195 -0.219044 0.000000
-0.677509 -0.287560 0.000000
-0.665772 -0.376494 0.000000
-0.623168 0.105537 0.000000
-0.531051 0.080560 0.000000
-0.434445 0.048680 0.000000
-0.344920 0.004791 0.000000
-0.259039 -0.044585 0.000000
-0.174443 -0.096156 0.000000
-0.625011 0.004502 0.000000
-0.656945 -0.099793 0.000000
-0.658700 -0.194167 0.000000
-0.517774 -0.009904 0.000000
-0.579110 -0.072998 0.000000
-0.579698 -0.159108 0.000000
-0.427270 -0.047828 0.000000
-0.500757 -0.106670 0.000000
-0.342118 -0.093454 0.000000
-0.420503 -0.147240 0.000000
-0.499689 -0.201715 0.000000
-0.258591 -0.143460 0.000000
-0.339414 -0.192958 0.000000
-0.418534 -0.246502 0.000000
-0.090169 -0.148440 0.000000
-0.175698 -0.195947 0.000000
-0.258123 -0.243653 0.000000
-0.338922 -0.292973 0.000000
-0.005683 -0.200235 0.000000
0.079496 -0.251915 0.000000
-0.093060 -0.248849 0.000000
-0.176933 -0.297310 0.000000
-0.258492 -0.344739 0.000000
-0.010365 -0.300282 0.000000
-0.096091 -0.351218 0.000000
-0.178018 -0.400373 0.000000
-0.584389 -0.249155 0.000000
-0.499408 -0.295880 0.000000
-0.420124 -0.349066 0.000000
-0.341799 -0.391748 0.000000
-0.258389 -0.445055 0.000000
-0.591515 -0.431592 0.000000
-0.502862 -0.393699 0.000000
-0.426089 -0.459479 0.000000
-0.522828 -0.492154 0.000000
-0.462496 -0.561243 0.000000
-0.404207 -0.642625 0.000000
-0.370249 -0.559445 0.000000
-0.337061 -0.479880 0.000000
-0.306785 -0.650012 0.000000
-0.277026 -0.547467 0.000000
-0.226827 -0.701567 0.000000
-0.144740 -0.735447 0.000000
-0.067345 -0.750705 0.000000
0.003916 -0.770556 0.000000
0.075180 -0.742813 0.000000
0.151913 -0.713257 0.000000
-0.211235 -0.601546 0.000000
-0.151812 -0.649588 0.000000
-0.076477 -0.658020 0.000000
0.001984 -0.686797 0.000000
-0.185577 -0.504932 0.000000
-0.106491 -0.560682 0.000000
-0.100286 -0.455978 0.000000
-0.015294 -0.401744 0.000000
0.072536 -0.351279 0.000000
-0.010943 -0.595154 0.000000
-0.018284 -0.502458 0.000000
0.067372 -0.451916 0.000000
0.165641 -0.304703 0.000000
0.155232 -0.403822 0.000000
0.264601 -0.260967 0.000000
0.362359 -0.215247 0.000000
0.456613 -0.164679 0.000000
0.533295 -0.100038 0.000000
0.628391 -0.108406 0.000000
0.728243 -0.103636 0.000000
0.685953 -0.189164 0.000000
0.657875 -0.276328 0.000000
0.649516 -0.370992 0.000000
0.567759 -0.205965 0.000000
0.557276 -0.317238 0.000000
0.464271 -0.268050 0.000000
0.340170 -0.410554 0.000000
0.362023 -0.316593 0.000000
0.459748 -0.380216 0.000000
0.569038 -0.422303 0.000000
0.509315 -0.489082 0.000000
0.461502 -0.566926 0.000000
0.399567 -0.635755 0.000000
0.330144 -0.692621 0.000000
0.235059 -0.679275 0.000000
0.411653 -0.473740 0.000000
0.374946 -0.555799 0.000000
0.308985 -0.505730 0.000000
0.235661 -0.456352 0.000000
0.303961 -0.607966 0.000000
0.228111 -0.564194 0.000000
0.150389 -0.506408 0.000000
0.070208 -0.550762 0.000000
0.076003 -0.646728 0.000000
0.154644 -0.611719 0.000000
0.253189 -0.357940 0.000000
-0.584594 -0.336652 0.000000
0.000000 1.100000 0.000000
0.000000 1.200000 0.000000
0.000000 1.300000 0.000000
0.000000 1.400000 0.000000
0.000000 1.500000 0.000000
0.100189 1.496650 0.000000
0.199930 1.486616 0.000000
0.298779 1.469943 0.000000
0.396293 1.446704 0.000000
0.492037 1.417004 0.000000
0.585584 1.380975 0.000000
0.676515 1.338778 0.000000
0.764425 1.290602 0.000000
0.848921 1.236662 0.000000
0.929625 1.177199 0.000000
1.006177 1.112478 0.000000
1.078236 1.042789 0.000000
1.145478 0.968442 0.000000
1.207605 0.889770 0.000000
1.264338 0.807124 0.000000
1.315425 0.720873 0.000000
1.360636 0.631402 0.000000
1.399771 0.539112 0.000000
1.432654 0.444413 0.000000
1.459138 0.347730 0.000000
1.479105 0.249494 0.000000
1.492467 0.150144 0.000000
1.499162 0.050122 0.000000
1.499162 -0.050122 0.000000
1.492467 -0.150144 0.000000
1.479105 -0.249494 0.000000
1.459138 -0.347730 0.000000
1.432654 -0.444413 0.000000
1.399771 -0.539112 0.000000
1.360636 -0.631402 0.000000
1.315425 -0.720873 0.000000
1.264338 -0.807124 0.000000
1.207605 -0.889770 0.000000
1.145478 -0.968442 0.000000
1.078236 -1.042789 0.000000
1.006177 -1.112478 0.000000
0.929625 -1.177199 0.000000
0.848921 -1.236662 0.000000
0.764425 -1.290602 0.000000
0.676515 -1.338778 0.000000
0.585584 -1.380975 0.000000
0.492037 -1.417004 0.000000
0.396293 -1.446704 0.000000
0.298779 -1.469943 0.000000
0.199930 -1.486616 0.000000
0.100189 -1.496650 0.000000
-0.000000 -1.500000 0.000000
-0.100189 -1.496650 0.000000
-0.199930 -1.486616 0.000000
-0.298779 -1.469943 0.000000
-0.396293 -1.446704 0.000000
-0.492037 -1.417004 0.000000
-0.585584 -1.380975 0.000000
-0.676515 -1.338778 0.000000
-0.764425 -1.290602 0.000000
-0.848921 -1.236662 0.000000
-0.929625 -1.177199 0.000000
-1.006177 -1.112478 0.000000
-1.078236 -1.042789 0.000000
-1.145478 -0.968442 0.000000
-1.207605 -0.889770 0.000000
-1.264338 -0.807124 0.000000
-1.315425 -0.720873 0.000000
-1.360636 -0.631402 0.000000
-1.399771 -0.539112 0.000000
-1.432654 -0.444413 0.000000
-1.459138 -0.347730 0.000000
-1.479105 -0.249494 0.000000
-1.492467 -0.150144 0.000000
-1.499162 -0.050122 0.000000
-1.499162 0.050122 0.000000
-1.492467 0.150144 0.000000
-1.479105 0.249494 0.000000
-1.459138 0.347730 0.000000
-1.432654 0.444413 0.000000
-1.399771 0.539112 0.000000
-1.360636 0.631402 0.000000
-1.315425 0.720873 0.000000
-1.264338 0.807124 0.000000
-1.207605 0.889770 0.000000
-1.145478 0.968442 0.000000
-1.078236 1.042789 0.000000
-1.006177 1.112478 0.000000
-0.929625 1.177199 0.000000
-0.848921 1.236662 0.000000
-0.764425 1.290602 0.000000
-0.676515 1.338778 0.000000
-0.585584 1.380975 0.000000
-0.492037 1.417004 0.000000
-0.396293 1.446704 0.000000
-0.298779 1.469943 0.000000
-0.199930 1.486616 0.000000
-0.100189 1.496650 0.000000
0.007043 -1.098679 0.000000
0.061667 -1.199596 0.000000
0.122787 -1.301746 0.000000
0.218936 -1.381238 0.000000
-1.098476 0.022436 0.000000
-1.200874 -0.027329 0.000000
-1.304886 -0.083163 0.000000
-1.387534 -0.174787 0.000000
-0.747441 0.805268 0.000000
-0.854926 0.844953 0.000000
-0.968730 0.881252 0.000000
-1.091153 0.875388 0.000000
-0.375549 1.032382 0.000000
-0.458930 1.110918 0.000000
-0.549031 1.189043 0.000000
-0.663354 1.231690 0.000000
-0.364944 1.140225 0.000000
-0.270220 1.164959 0.000000
-0.176696 1.182669 0.000000
-0.085768 1.194849 0.000000
-0.187485 1.080013 0.000000
-0.092227 1.091922 0.000000
-0.282460 1.059846 0.000000
-0.252591 1.272158 0.000000
-0.324235 1.359958 0.000000
-0.159056 1.289145 0.000000
-0.069798 1.302862 0.000000
-0.121206 1.395232 0.000000
-0.225658 1.380319 0.000000
-0.347992 1.249002 0.000000
-0.418936 1.333056 0.000000
-0.444950 1.219143 0.000000
-0.510139 1.301833 0.000000
-0.595195 1.284191 0.000000
-0.779596 0.908936 0.000000
-0.703020 0.969173 0.000000
-0.629432 1.026988 0.000000
-0.547010 1.077565 0.000000
-0.597805 0.920328 0.000000
-0.461427 0.998230 0.000000
-0.539879 0.976101 0.000000
-0.673217 0.866306 0.000000
-0.726393 1.077158 0.000000
-0.827290 1.126762 0.000000
-0.641333 1.132156 0.000000
-0.746031 1.182687 0.000000
-0.805685 1.016211 0.000000
-0.904640 1.064653 0.000000
-0.884048 0.950036 0.000000
-0.977066 0.999973 0.000000
-1.048863 0.950321 0.000000
-1.002553 0.449428 0.000000
-1.116421 0.442671 0.000000
-1.234081 0.431769 0.000000
-1.345838 0.380046 0.000000
-1.072120 0.532989 0.000000
-1.024935 0.618858 0.000000
-0.979634 0.700854 0.000000
-0.923311 0.779647 0.000000
-0.908711 0.615320 0.000000
-0.813292 0.740324 0.000000
-0.877049 0.689224 0.000000
-0.957333 0.535955 0.000000
-1.088762 0.708862 0.000000
-1.201283 0.714772 0.000000
-1.031787 0.792736 0.000000
-1.148254 0.797985 0.000000
-1.138033 0.621719 0.000000
-1.248248 0.627335 0.000000
-1.184205 0.529652 0.000000
-1.289536 0.539236 0.000000
-1.336244 0.465562 0.000000
-1.196213 0.071103 0.000000
-1.192430 0.165456 0.000000
-1.176173 0.260007 0.000000
-1.149510 0.350912 0.000000
-1.064993 0.271007 0.000000
-1.038625 0.359826 0.000000
-1.091617 0.115581 0.000000
-1.096457 0.196583 0.000000
-1.280263 0.227617 0.000000
-1.385458 0.189358 0.000000
-1.258346 0.326738 0.000000
-1.368664 0.286689 0.000000
-1.292780 0.127573 0.000000
-1.394497 0.090618 0.000000
-1.297490 0.025895 0.000000
-1.397847 -0.006379 0.000000
-1.412032 -0.092450 0.000000
-0.782352 -0.771443 0.000000
-0.817270 -0.880281 0.000000
-0.848754 -0.994567 0.000000
-0.839695 -1.118314 0.000000
-1.020806 -0.406394 0.000000
-1.095541 -0.492560 0.000000
-1.169294 -0.585062 0.000000
-1.209420 -0.702155 0.000000
-1.129617 -0.399926 0.000000
-1.162858 -0.311464 0.000000
-1.184681 -0.218036 0.000000
-1.195484 -0.124059 0.000000
-1.086570 -0.164288 0.000000
-1.096762 -0.072569 0.000000
-1.050720 -0.317821 0.000000
-1.086648 -0.245078 0.000000
-1.267832 -0.288918 0.000000
-1.349624 -0.365818 0.000000
-1.286267 -0.189117 0.000000
-1.372129 -0.269626 0.000000
-1.240368 -0.385982 0.000000
-1.319414 -0.460311 0.000000
-1.205053 -0.481564 0.000000
-1.284636 -0.551007 0.000000
-1.264073 -0.635945 0.000000
-0.884736 -0.808217 0.000000
-0.949784 -0.739699 0.000000
-1.006276 -0.662120 0.000000
-1.052865 -0.579687 0.000000
-0.937144 -0.573946 0.000000
-0.982245 -0.493350 0.000000
-0.844365 -0.701473 0.000000
-0.905710 -0.648499 0.000000
-1.054956 -0.760215 0.000000
-1.099996 -0.863315 0.000000
-1.110844 -0.675443 0.000000
-1.158242 -0.783510 0.000000
-0.991832 -0.838905 0.000000
-1.035320 -0.938536 0.000000
-0.922061 -0.913161 0.000000
-0.967917 -1.008484 0.000000
-0.915785 -1.078723 0.000000
-0.420687 -1.014998 0.000000
-0.409985 -1.129042 0.000000
-0.393945 -1.246737 0.000000
-0.336922 -1.357273 0.000000
-0.500201 -1.088930 0.000000
-0.586771 -1.051162 0.000000
-0.669011 -1.001705 0.000000
-0.744034 -0.943916 0.000000
-0.640111 -0.893261 0.000000
-0.713005 -0.836555 0.000000
-0.505038 -0.974653 0.000000
-0.582080 -0.949760 0.000000
-0.675218 -1.111276 0.000000
-0.676074 -1.224019 0.000000
-0.759726 -1.054992 0.000000
-0.760837 -1.173258 0.000000
-0.586421 -1.159138 0.000000
-0.587182 -1.268051 0.000000
-0.493229 -1.200327 0.000000
-0.497830 -1.306166 0.000000
-0.422348 -1.350527 0.000000
-0.036921 -1.197748 0.000000
-0.131217 -1.196675 0.000000
-0.226155 -1.183149 0.000000
-0.317751 -1.159138 0.000000
-0.242272 -1.071897 0.000000
-0.331473 -1.048011 0.000000
-0.086273 -1.094311 0.000000
-0.166781 -1.101384 0.000000
-0.188731 -1.286567 0.000000
-0.145091 -1.390793 0.000000
-0.288452 -1.267669 0.000000
-0.242895 -1.377106 0.000000
-0.088402 -1.296047 0.000000
-0.046146 -1.396680 0.000000
0.013334 -1.297678 0.000000
0.050912 -1.396932 0.000000
0.137781 -1.408321 0.000000
1.099022 0.010875 0.000000
1.203212 0.057054 0.000000
1.295017 0.118040 0.000000
1.386485 0.183164 0.000000
0.773603 -0.777349 0.000000
0.881670 -0.819286 0.000000
0.988891 -0.844905 0.000000
1.096919 -0.867992 0.000000
0.435848 -1.008555 0.000000
0.523733 -1.079892 0.000000
0.618614 -1.151963 0.000000
0.739885 -1.189359 0.000000
0.432118 -1.117498 0.000000
0.344663 -1.153436 0.000000
0.251921 -1.177937 0.000000
0.158236 -1.191442 0.000000
0.193400 -1.081775 0.000000
0.101987 -1.094425 0.000000
0.346142 -1.041708 0.000000
0.274464 -1.079591 0.000000
0.327183 -1.258496 0.000000
0.408661 -1.337282 0.000000
0.227986 -1.279935 0.000000
0.313246 -1.362821 0.000000
0.423271 -1.228139 0.000000
0.502062 -1.304148 0.000000
0.517335 -1.189996 0.000000
0.591423 -1.266888 0.000000
0.675768 -1.243610 0.000000
0.813338 -0.877402 0.000000
0.744528 -0.936885 0.000000
0.691079 -1.001035 0.000000
0.609865 -1.035006 0.000000
0.623354 -0.913571 0.000000
0.527284 -0.964466 0.000000
0.702927 -0.841666 0.000000
0.965769 -1.012556 0.000000
0.855076 -0.976869 0.000000
1.033727 -0.943081 0.000000
0.923793 -0.914445 0.000000
0.818878 -1.136849 0.000000
0.895035 -1.077425 0.000000
0.706638 -1.096524 0.000000
0.787800 -1.039444 0.000000
1.018348 -0.411831 0.000000
1.126518 -0.407668 0.000000
1.237929 -0.394383 0.000000
1.348200 -0.371782 0.000000
1.091950 -0.499983 0.000000
1.047034 -0.588364 0.000000
0.992556 -0.671055 0.000000
0.942107 -0.749136 0.000000
0.930729 -0.583752 0.000000
0.876645 -0.660129 0.000000
0.840473 -0.730395 0.000000
0.978998 -0.500010 0.000000
1.103544 -0.682635 0.000000
1.206017 -0.706335 0.000000
1.048467 -0.767199 0.000000
1.154218 -0.788101 0.000000
1.165355 -0.591628 0.000000
1.282825 -0.555297 0.000000
1.262059 -0.639400 0.000000
1.202255 -0.488692 0.000000
1.318064 -0.465552 0.000000
1.201672 -0.037429 0.000000
1.194971 -0.132633 0.000000
1.183076 -0.226942 0.000000
1.160400 -0.320295 0.000000
1.086039 -0.170405 0.000000
1.048648 -0.323372 0.000000
1.085131 -0.251874 0.000000
1.096429 -0.079977 0.000000
1.284788 -0.197520 0.000000
1.386500 -0.179947 0.000000
1.265693 -0.297830 0.000000
1.370599 -0.275470 0.000000
1.304775 -0.090817 0.000000
1.398319 -0.011145 0.000000
1.411649 -0.096429 0.000000
1.299971 0.016737 0.000000
1.395770 0.085064 0.000000
0.754067 0.798734 0.000000
0.788636 0.901854 0.000000
0.815433 1.011482 0.000000
0.832833 1.123498 0.000000
1.005509 0.442243 0.000000
1.077579 0.523510 0.000000
1.145181 0.613660 0.000000
1.205122 0.709606 0.000000
1.119656 0.434406 0.000000
1.151719 0.340575 0.000000
1.173103 0.243668 0.000000
1.194110 0.152228 0.000000
1.067569 0.259502 0.000000
1.084668 0.167290 0.000000
1.110093 0.091844 0.000000
1.041229 0.352542 0.000000
1.258459 0.316335 0.000000
1.346481 0.374644 0.000000
1.280809 0.217394 0.000000
1.369142 0.280375 0.000000
1.236144 0.424283 0.000000
1.291442 0.534943 0.000000
1.337329 0.461704 0.000000
1.188014 0.522365 0.000000
1.251511 0.622704 0.000000
0.861815 0.836680 0.000000
0.927457 0.764795 0.000000
0.987293 0.690176 0.000000
1.038533 0.608747 0.000000
0.879573 0.659499 0.000000
0.963286 0.525655 0.000000
0.937410 0.601824 0.000000
0.820933 0.731164 0.000000
1.036377 0.784478 0.000000
1.093867 0.870605 0.000000
1.095203 0.700850 0.000000
1.151522 0.792704 0.000000
0.972978 0.873295 0.000000
0.980457 0.996430 0.000000
1.051236 0.946942 0.000000
0.890440 0.944199 0.000000
0.909448 1.061581 0.000000
0.382000 1.029860 0.000000
0.371805 1.137620 0.000000
0.354125 1.247131 0.000000
0.327971 1.358816 0.000000
0.467246 1.106305 0.000000
0.556357 1.065599 0.000000
0.640600 1.020157 0.000000
0.719510 0.965107 0.000000
0.553766 0.949699 0.000000
0.682958 0.858955 0.000000
0.629442 0.919094 0.000000
0.471577 0.993057 0.000000
0.648649 1.126380 0.000000
0.667584 1.228339 0.000000
0.735425 1.072293 0.000000
0.751066 1.179102 0.000000
0.555501 1.183459 0.000000
0.514015 1.299894 0.000000
0.598477 1.282032 0.000000
0.451281 1.216294 0.000000
0.422973 1.331885 0.000000
0.087845 1.194525 0.000000
0.181114 1.182086 0.000000
0.276206 1.163498 0.000000
0.191280 1.079638 0.000000
0.094508 1.092098 0.000000
0.287229 1.058532 0.000000
0.122534 1.394622 0.000000
0.162161 1.288217 0.000000
0.071014 1.302288 0.000000
0.228356 1.379247 0.000000
0.257711 1.270772 0.000000
1568
9 11 10
72 9 10
71 73 72
73 9 72
73 8 9
70 74 71
74 73 71
69 75 70
75 74 70
68 76 69
76 75 69
67 77 68
77 76 68
66 78 67
78 77 67
65 79 66
79 78 66
64 80 65
80 79 65
63 81 64
81 80 64
62 82 63
82 81 63
61 83 62
83 82 62
60 84 61
84 83 61
59 85 60
85 84 60
58 86 59
86 85 59
57 87 58
87 86 58
56 88 57
88 87 57
55 89 56
89 88 56
54 90 55
90 89 55
53 91 54
91 90 54
52 92 53
92 91 53
51 93 52
93 92 52
50 94 51
94 93 51
49 95 50
95 94 50
48 96 49
96 95 49
47 97 48
97 96 48
46 98 47
98 97 47
45 99 46
99 98 46
44 100 45
100 99 45
43 101 44
101 100 44
42 102 43
102 101 43
41 103 42
103 102 42
40 104 41
104 103 41
39 105 40
105 104 40
38 106 39
106 105 39
37 107 38
107 106 38
36 108 37
108 107 37
35 109 36
109 108 36
34 110 35
110 109 35
33 111 34
111 110 34
32 112 33
112 111 33
31 113 32
113 112 32
30 114 31
114 113 31
29 115 30
115 114 30
28 116 29
116 115 29
27 117 28
117 116 28
26 118 27
118 117 27
25 119 26
119 118 26
24 120 25
120 119 25
23 121 24
121 120 24
22 122 23
122 121 23
21 123 22
123 122 22
20 124 21
124 123 21
19 125 20
125 124 20
18 126 19
126 125 19
17 127 18
127 126 18
16 128 17
128 127 17
15 129 16
129 128 16
14 130 15
130 129 15
13 131 14
131 130 14
12 132 13
132 131 13
11 133 12
133 132 12
9 133 11
8 133 9
73 134 8
134 7 8
134 135 7
135 6 7
135 136 6
136 5 6
136 137 5
137 4 5
137 138 4
138 3 4
138 139 3
139 2 3
139 140 2
140 1 2
140 141 1
141 0 1
7 142 8
142 133 8
6 143 7
143 142 7
5 144 6
144 143 6
4 145 5
145 144 5
3 146 4
146 145 4
2 147 3
147 146 3
1 148 2
148 147 2
0 149 1
149 148 1
74 134 73
141 150 0
150 151 0
151 152 0
152 149 0
142 153 133
153 132 133
153 154 132
154 131 132
154 155 131
155 130 131
155 156 130
156 129 130
156 157 129
157 128 129
157 158 128
158 127 128
158 159 127
159 126 127
159 160 126
160 125 126
160 161 125
161 124 125
161 162 124
162 123 124
162 163 123
163 122 123
163 164 122
164 121 122
164 165 121
165 120 121
165 166 120
166 119 120
166 167 119
167 118 119
167 168 118
168 117 118
168 169 117
169 116 117
169 170 116
170 115 116
170 171 115
171 114 115
171 172 114
172 113 114
172 173 113
173 112 113
173 174 112
174 111 112
174 175 111
175 110 111
175 176 110
176 109 110
176 177 109
177 108 109
177 178 108
178 107 108
178 179 107
179 106 107
179 180 106
180 105 106
180 181 105
181 104 105
181 182 104
182 103 104
182 183 103
183 102 103
183 184 102
184 101 102
184 185 101
185 100 101
185 186 100
186 99 100
186 187 99
187 98 99
187 188 98
188 97 98
188 189 97
189 96 97
189 190 96
190 95 96
190 191 95
191 94 95
191 192 94
192 93 94
192 193 93
193 92 93
193 194 92
194 91 92
194 195 91
195 90 91
195 196 90
196 89 90
196 197 89
197 88 89
197 198 88
198 87 88
198 199 87
199 86 87
199 200 86
200 85 86
200 201 85
201 84 85
201 202 84
202 83 84
202 203 83
203 82 83
203 204 82
204 81 82
204 205 81
205 80 81
205 206 80
206 79 80
206 207 79
207 78 79
207 208 78
208 77 78
208 209 77
209 76 77
209 210 76
210 75 76
210 211 75
211 74 75
211 134 74
143 212 142
212 153 142
212 154 153
212 213 154
213 155 154
213 214 155
214 156 155
214 215 156
215 157 156
215 158 157
144 216 143
216 212 143
216 213 212
216 217 213
217 214 213
217 218 214
218 215 214
145 219 144
219 216 144
219 217 216
219 220 217
220 218 217
146 221 145
221 219 145
221 220 219
147 222 146
222 221 146
148 223 147
223 222 147
149 224 148
224 223 148
152 225 149
225 224 149
222 226 221
226 220 221
223 227 222
227 226 222
224 228 223
228 227 223
225 229 224
229 228 224
211 230 135
211 135 134
210 230 211
230 231 135
231 136 135
231 232 136
232 137 136
232 233 137
233 138 137
233 234 138
234 139 138
234 235 139
235 140 139
235 236 140
236 141 140
236 237 141
237 150 141
209 238 210
238 230 210
238 239 230
239 231 230
239 240 231
240 232 231
208 241 209
241 238 209
207 242 208
242 241 208
206 243 207
243 242 207
205 243 206
241 244 238
244 239 238
244 240 239
242 245 241
245 244 241
243 246 242
246 245 242
240 247 232
247 233 232
244 248 240
248 247 240
245 248 244
246 249 245
249 248 245
247 250 233
250 234 233
248 251 247
251 250 247
249 251 248
250 252 234
252 235 234
251 253 250
253 252 250
249 254 251
254 253 251
252 255 235
255 236 235
253 256 252
256 255 252
254 257 253
257 256 253
255 258 236
258 237 236
256 259 255
259 258 255
257 260 256
260 259 256
246 261 249
261 254 249
243 262 246
262 261 246
205 262 243
204 262 205
203 263 204
263 262 204
263 261 262
202 264 203
264 263 203
201 265 202
265 264 202
200 265 201
261 266 254
266 257 254
263 266 261
264 266 263
265 267 264
267 266 264
267 268 266
268 257 266
268 260 257
218 269 215
269 158 215
269 159 158
269 270 159
270 160 159
270 271 160
271 161 160
271 272 161
272 162 161
272 163 162
220 273 218
273 269 218
273 270 269
226 274 220
274 273 220
227 275 226
275 274 226
228 276 227
276 275 227
229 277 228
277 276 228
273 278 270
278 271 270
274 278 273
275 278 274
278 279 271
279 272 271
276 280 275
280 278 275
280 279 278
277 281 276
281 280 276
281 282 280
282 279 280
279 283 272
283 163 272
282 283 279
283 164 163
283 284 164
284 165 164
282 285 283
285 284 283
284 286 165
286 166 165
286 287 166
287 167 166
287 168 167
285 288 284
288 286 284
288 289 286
289 287 286
282 290 285
290 288 285
281 290 282
290 291 288
291 289 288
277 292 281
292 290 281
292 293 290
293 291 290
229 294 277
294 292 277
294 295 292
295 293 292
225 296 229
296 294 229
152 297 225
297 296 225
151 298 152
298 297 152
296 299 294
299 295 294
297 300 296
300 299 296
298 301 297
301 300 297
199 302 200
302 265 200
302 267 265
198 303 199
303 302 199
197 304 198
304 303 198
196 305 197
305 304 197
195 306 196
306 305 196
194 307 195
307 306 195
193 308 194
308 307 194
192 308 193
302 309 267
309 268 267
303 309 302
309 310 268
310 260 268
310 311 260
311 259 260
311 312 259
312 258 259
312 313 258
313 237 258
313 314 237
314 150 237
304 315 303
315 309 303
305 316 304
316 315 304
306 317 305
317 316 305
307 317 306
315 318 310
315 310 309
318 311 310
316 319 315
319 318 315
317 320 316
320 319 316
318 321 311
321 312 311
319 322 318
322 321 318
320 322 319
321 323 312
323 313 312
322 324 321
324 323 321
320 325 322
325 324 322
323 326 313
326 314 313
324 327 323
327 326 323
325 328 324
328 327 324
314 329 150
329 151 150
326 330 314
330 329 314
327 331 326
331 330 326
328 332 327
332 331 327
329 333 151
333 298 151
333 334 298
334 301 298
330 335 329
335 333 329
331 336 330
336 335 330
332 337 331
337 336 331
335 338 333
338 334 333
336 339 335
339 338 335
337 340 336
340 339 336
308 408 307
341 317 307
341 320 317
341 325 320
341 342 325
342 328 325
342 343 328
343 332 328
343 344 332
344 337 332
344 345 337
345 340 337
308 346 408
346 347 408
192 346 308
191 346 192
408 347 342
347 343 342
347 348 343
348 344 343
191 349 346
349 347 346
190 349 191
349 348 347
189 350 190
350 349 190
350 348 349
188 351 189
351 350 189
187 351 188
351 352 350
352 348 350
348 353 344
353 345 344
352 353 348
187 354 351
354 352 351
186 354 187
354 355 352
355 353 352
355 345 353
185 356 186
356 354 186
184 357 185
357 356 185
183 358 184
358 357 184
182 359 183
359 358 183
181 360 182
360 359 182
180 361 181
361 360 181
179 396 180
356 362 354
362 355 354
357 363 356
363 362 356
358 364 357
364 363 357
359 365 358
365 364 358
360 365 359
362 366 355
366 345 355
366 340 345
363 367 362
367 366 362
364 367 363
366 368 340
368 339 340
367 368 366
368 369 339
369 338 339
369 370 338
370 334 338
365 371 364
371 367 364
371 372 367
367 372 368
372 369 368
372 373 369
373 370 369
370 374 334
374 301 334
373 375 370
375 374 370
374 376 301
376 300 301
376 377 300
377 299 300
377 378 299
378 295 299
378 379 295
379 293 295
379 291 293
379 380 291
380 289 291
380 381 289
381 287 289
381 168 287
381 169 168
380 382 381
382 169 381
382 170 169
382 383 170
383 171 170
383 384 171
384 172 171
384 173 172
379 385 380
385 382 380
385 383 382
378 385 379
385 386 383
386 384 383
378 387 385
387 386 385
377 387 378
375 407 374
407 376 374
407 389 376
389 377 376
389 387 377
389 390 387
390 386 387
390 391 386
391 384 386
391 173 384
391 174 173
390 392 391
392 174 391
392 175 174
392 393 175
393 176 175
393 394 176
394 177 176
394 395 177
395 178 177
395 179 178
395 396 179
396 361 180
390 397 392
397 393 392
389 388 390
388 397 390
397 398 393
398 394 393
388 399 397
399 398 397
375 400 407
400 399 388
398 401 394
401 395 394
401 396 395
399 401 398
400 402 399
402 401 399
402 396 401
373 403 375
403 400 375
403 402 400
372 404 373
404 403 373
371 404 372
365 405 371
405 404 371
360 405 365
361 405 360
396 406 361
406 405 361
402 406 396
403 406 402
406 403 404
406 404 405
400 388 407
389 407 388
342 341 408
307 408 341
72 10 528
527 72 528
524 527 525
528 409 526
525 528 526
519 70 529
529 71 527
520 519 523
523 529 524
530 525 532
526 410 533
532 526 533
411 412 533
534 412 506
505 534 506
531 530 535
535 532 534
503 531 504
504 535 505
525 530 524
530 531 536
531 503 537
521 520 538
538 523 536
536 537 538
537 502 539
521 539 540
522 521 540
499 522 500
500 540 501
70 519 69
519 520 546
68 546 547
545 68 547
542 545 543
543 547 544
515 66 548
548 67 545
516 515 541
541 548 542
549 543 551
551 544 521
497 550 498
550 549 552
498 552 499
552 551 522
543 549 542
549 550 553
550 497 554
517 516 555
555 541 553
553 554 555
554 496 556
517 556 557
518 517 557
493 518 494
494 557 495
66 515 65
515 516 567
64 567 568
566 64 568
563 566 564
564 568 565
558 62 569
569 63 566
559 558 562
562 569 563
570 564 572
572 565 517
491 571 492
571 570 573
492 573 493
573 572 518
564 570 563
570 571 574
571 491 575
560 559 576
576 562 574
574 575 576
575 490 577
560 577 578
561 560 578
487 561 488
488 578 489
583 60 584
584 61 558
581 583 582
582 584 559
59 583 586
585 59 586
579 585 580
580 586 581
59 585 58
585 579 511
587 581 589
589 582 560
485 588 486
588 587 590
486 590 487
590 589 561
581 587 580
587 588 591
588 485 592
513 512 593
593 579 591
591 592 593
592 484 594
513 594 595
514 513 595
481 514 482
482 595 483
608 56 609
609 57 511
606 608 607
607 609 512
55 608 611
610 55 611
604 610 605
605 611 606
55 610 54
610 604 600
612 606 614
614 607 513
479 613 480
613 612 615
480 615 481
615 614 514
606 612 605
612 613 616
613 479 617
602 601 618
618 604 616
616 617 618
617 478 619
602 619 620
603 602 620
475 603 476
476 620 477
625 52 626
626 53 600
623 625 624
624 626 601
51 625 628
627 51 628
621 627 622
622 628 623
51 627 50
627 621 596
629 623 631
631 624 602
473 630 474
630 629 632
474 632 475
632 631 603
623 629 622
629 630 633
630 473 634
598 597 635
635 621 633
633 634 635
634 472 636
598 636 637
599 598 637
469 599 470
470 637 471
646 48 647
647 49 596
644 646 645
645 647 597
47 646 649
648 47 649
642 648 643
643 649 644
47 648 46
648 642 638
650 644 652
652 645 598
467 651 468
651 650 653
468 653 469
653 652 599
644 650 643
650 651 654
651 467 655
640 639 656
656 642 654
654 655 656
655 466 657
640 657 658
641 640 658
463 641 464
464 658 465
663 44 664
664 45 638
661 663 662
662 664 639
43 663 666
665 43 666
659 665 660
660 666 661
43 665 42
665 659 507
667 661 669
669 662 640
461 668 462
668 667 670
462 670 463
670 669 641
661 667 660
667 668 671
668 461 672
509 508 673
673 659 671
671 672 673
672 460 674
509 674 675
510 509 675
457 510 458
458 675 459
692 40 693
693 41 507
690 692 691
691 693 508
39 692 695
694 39 695
688 694 689
689 695 690
39 694 38
694 688 684
696 690 698
698 691 509
455 697 456
697 696 699
456 699 457
699 698 510
690 696 689
696 697 700
697 455 701
686 685 702
702 688 700
700 701 702
701 454 703
686 703 704
687 686 704
451 687 452
452 704 453
38 684 37
684 685 710
37 710 36
709 708 707
706 709 707
680 34 711
711 35 709
681 680 705
705 711 706
712 448 714
714 447 683
706 713 705
713 712 715
705 715 681
715 714 682
687 451 716
716 450 717
717 449 712
685 686 708
686 687 718
713 706 719
719 707 718
712 713 717
717 719 716
33 680 730
729 33 730
726 729 727
727 730 681
33 729 32
729 726 728
720 30 731
731 31 728
721 720 724
724 731 725
732 726 734
734 727 682
444 733 445
733 732 735
445 735 446
735 734 683
726 732 725
736 733 738
737 736 738
442 737 443
443 738 444
722 721 739
739 724 736
440 723 441
723 722 740
441 740 442
740 739 737
30 720 29
720 721 746
28 746 747
745 28 747
742 745 743
743 747 744
676 26 748
748 27 745
677 676 741
741 748 742
749 743 751
751 744 722
438 750 439
750 749 752
439 752 440
752 751 723
743 749 742
753 750 755
754 753 755
436 754 437
437 755 438
678 677 756
756 741 753
434 679 435
679 678 757
435 757 436
757 756 754
25 676 772
771 25 772
768 771 769
769 772 677
25 771 24
771 768 770
762 22 773
773 23 770
763 762 766
766 773 767
774 768 776
776 769 678
432 775 433
775 774 777
433 777 434
777 776 679
768 774 767
778 775 780
779 778 780
430 779 431
431 780 432
764 763 781
781 766 778
428 765 429
765 764 782
429 782 430
782 781 779
22 762 21
762 763 788
20 788 789
787 20 789
784 787 785
785 789 786
758 18 790
790 19 787
759 758 783
783 790 784
791 785 793
793 786 764
426 792 427
792 791 794
427 794 428
794 793 765
785 791 784
795 792 797
796 795 797
424 796 425
425 797 426
760 759 798
798 783 795
422 761 423
761 760 799
423 799 424
799 798 796
18 758 17
758 759 809
16 809 810
808 16 810
805 808 806
806 810 807
800 14 811
811 15 808
801 800 804
804 811 805
812 806 814
814 807 760
420 813 421
813 812 815
421 815 422
815 814 761
806 812 805
816 813 818
817 816 818
418 817 419
419 818 420
802 801 819
819 804 816
416 803 417
803 802 820
417 820 418
820 819 817
824 822 825
825 821 409
12 824 11
11 825 10
800 801 826
826 823 824
14 800 13
13 826 12
413 412 414
827 412 829
828 827 829
822 828 821
821 829 410
803 416 830
830 415 827
801 802 823
802 803 831
823 831 822
831 830 828
828 830 827
822 831 828
831 803 830
823 802 831
827 415 414
830 416 415
410 829 411
821 828 829
829 412 411
414 412 827
12 826 824
13 800 826
824 823 822
826 801 823
10 825 409
11 824 825
409 821 410
825 822 821
817 819 816
418 820 817
820 802 819
417 803 820
816 804 805
819 801 804
420 818 813
419 817 818
813 816 812
805 812 816
761 814 760
422 815 761
815 812 814
421 813 815
760 807 759
814 806 807
805 811 808
804 800 811
808 15 16
811 14 15
807 810 809
806 808 810
809 16 17
809 759 807
17 758 809
796 798 795
424 799 796
799 760 798
423 761 799
795 783 784
798 759 783
426 797 792
425 796 797
792 795 791
784 791 795
765 793 764
428 794 765
794 791 793
427 792 794
764 786 763
793 785 786
784 790 787
783 758 790
787 19 20
790 18 19
786 789 788
785 787 789
788 20 21
788 763 786
21 762 788
779 781 778
430 782 779
782 764 781
429 765 782
778 766 767
781 763 766
432 780 775
431 779 780
775 778 774
767 774 778
679 776 678
434 777 679
777 774 776
433 775 777
678 769 677
776 768 769
767 773 770
766 762 773
770 23 24
773 22 23
770 768 767
24 771 770
677 772 676
769 771 772
676 25 26
754 756 753
436 757 754
757 678 756
435 679 757
753 741 742
756 677 741
438 755 750
437 754 755
750 753 749
742 749 753
723 751 722
440 752 723
752 749 751
439 750 752
722 744 721
751 743 744
742 748 745
741 676 748
745 27 28
748 26 27
744 747 746
743 745 747
746 28 29
746 721 744
29 720 746
737 739 736
442 740 737
740 722 739
441 723 740
736 724 725
739 721 724
444 738 733
443 737 738
733 736 732
725 732 736
683 734 682
446 735 683
735 732 734
445 733 735
682 727 681
734 726 727
725 731 728
724 720 731
728 31 32
731 30 31
728 726 725
32 729 728
681 730 680
727 729 730
680 33 34
716 719 718
717 713 719
718 707 708
719 706 707
718 687 716
708 686 718
712 449 448
717 450 449
716 451 450
682 714 683
681 715 682
715 712 714
705 713 715
683 447 446
714 448 447
706 711 709
705 680 711
709 35 36
711 34 35
708 709 710
36 710 709
710 685 708
37 684 710
453 704 703
452 687 704
703 686 702
703 454 453
702 701 703
700 688 689
702 685 688
701 455 454
700 697 701
689 696 700
510 698 509
457 699 510
699 696 698
456 697 699
509 691 508
698 690 691
684 688 685
38 694 684
690 695 692
689 694 695
692 39 40
508 693 507
691 692 693
507 41 42
693 40 41
459 675 674
458 510 675
674 509 673
674 460 459
673 672 674
671 659 660
673 508 659
672 461 460
671 668 672
660 667 671
641 669 640
463 670 641
670 667 669
462 668 670
640 662 639
669 661 662
507 659 508
42 665 507
661 666 663
660 665 666
663 43 44
639 664 638
662 663 664
638 45 46
664 44 45
465 658 657
464 641 658
657 640 656
657 466 465
656 655 657
654 642 643
656 639 642
655 467 466
654 651 655
643 650 654
599 652 598
469 653 599
653 650 652
468 651 653
598 645 597
652 644 645
638 642 639
46 648 638
644 649 646
643 648 649
646 47 48
597 647 596
645 646 647
596 49 50
647 48 49
471 637 636
470 599 637
636 598 635
636 472 471
635 634 636
633 621 622
635 597 621
634 473 472
633 630 634
622 629 633
603 631 602
475 632 603
632 629 631
474 630 632
602 624 601
631 623 624
596 621 597
50 627 596
623 628 625
622 627 628
625 51 52
601 626 600
624 625 626
600 53 54
626 52 53
477 620 619
476 603 620
619 602 618
619 478 477
618 617 619
616 604 605
618 601 604
617 479 478
616 613 617
605 612 616
514 614 513
481 615 514
615 612 614
480 613 615
513 607 512
614 606 607
600 604 601
54 610 600
606 611 608
605 610 611
608 55 56
512 609 511
607 608 609
511 57 58
609 56 57
483 595 594
482 514 595
594 513 593
594 484 483
593 592 594
591 579 580
593 512 579
592 485 484
591 588 592
580 587 591
561 589 560
487 590 561
590 587 589
486 588 590
560 582 559
589 581 582
511 579 512
58 585 511
581 586 583
580 585 586
583 59 60
559 584 558
582 583 584
558 61 62
584 60 61
489 578 577
488 561 578
577 560 576
577 490 489
576 575 577
574 562 563
576 559 562
575 491 490
574 571 575
563 570 574
518 572 517
493 573 518
573 570 572
492 571 573
517 565 516
572 564 565
563 569 566
562 558 569
566 63 64
569 62 63
565 568 567
564 566 568
567 64 65
567 516 565
65 515 567
495 557 556
494 518 557
556 517 555
556 496 495
555 554 556
553 541 542
555 516 541
554 497 496
553 550 554
542 549 553
522 551 521
499 552 522
552 549 551
498 550 552
521 544 520
551 543 544
542 548 545
541 515 548
545 67 68
548 66 67
544 547 546
543 545 547
546 68 69
546 520 544
69 519 546
501 540 539
500 522 540
539 521 538
539 502 501
538 537 539
536 523 524
538 520 523
537 503 502
536 531 537
524 530 536
505 535 534
504 531 535
534 532 533
535 530 532
506 412 413
533 412 534
533 410 411
532 525 526
524 529 527
523 519 529
527 71 72
529 70 71
526 409 410
525 527 528
528 10 409
