1568 Triangles
3 9 11 10
3 72 9 10
3 71 73 72
3 73 9 72
3 73 8 9
3 70 74 71
3 74 73 71
3 69 75 70
3 75 74 70
3 68 76 69
3 76 75 69
3 67 77 68
3 77 76 68
3 66 78 67
3 78 77 67
3 65 79 66
3 79 78 66
3 64 80 65
3 80 79 65
3 63 81 64
3 81 80 64
3 62 82 63
3 82 81 63
3 61 83 62
3 83 82 62
3 60 84 61
3 84 83 61
3 59 85 60
3 85 84 60
3 58 86 59
3 86 85 59
3 57 87 58
3 87 86 58
3 56 88 57
3 88 87 57
3 55 89 56
3 89 88 56
3 54 90 55
3 90 89 55
3 53 91 54
3 91 90 54
3 52 92 53
3 92 91 53
3 51 93 52
3 93 92 52
3 50 94 51
3 94 93 51
3 49 95 50
3 95 94 50
3 48 96 49
3 96 95 49
3 47 97 48
3 97 96 48
3 46 98 47
3 98 97 47
3 45 99 46
3 99 98 46
3 44 100 45
3 100 99 45
3 43 101 44
3 101 100 44
3 42 102 43
3 102 101 43
3 41 103 42
3 103 102 42
3 40 104 41
3 104 103 41
3 39 105 40
3 105 104 40
3 38 106 39
3 106 105 39
3 37 107 38
3 107 106 38
3 36 108 37
3 108 107 37
3 35 109 36
3 109 108 36
3 34 110 35
3 110 109 35
3 33 111 34
3 111 110 34
3 32 112 33
3 112 111 33
3 31 113 32
3 113 112 32
3 30 114 31
3 114 113 31
3 29 115 30
3 115 114 30
3 28 116 29
3 116 115 29
3 27 117 28
3 117 116 28
3 26 118 27
3 118 117 27
3 25 119 26
3 119 118 26
3 24 120 25
3 120 119 25
3 23 121 24
3 121 120 24
3 22 122 23
3 122 121 23
3 21 123 22
3 123 122 22
3 20 124 21
3 124 123 21
3 19 125 20
3 125 124 20
3 18 126 19
3 126 125 19
3 17 127 18
3 127 126 18
3 16 128 17
3 128 127 17
3 15 129 16
3 129 128 16
3 14 130 15
3 130 129 15
3 13 131 14
3 131 130 14
3 12 132 13
3 132 131 13
3 11 133 12
3 133 132 12
3 9 133 11
3 8 133 9
3 73 134 8
3 134 7 8
3 134 135 7
3 135 6 7
3 135 136 6
3 136 5 6
3 136 137 5
3 137 4 5
3 137 138 4
3 138 3 4
3 138 139 3
3 139 2 3
3 139 140 2
3 140 1 2
3 140 141 1
3 141 0 1
3 7 142 8
3 142 133 8
3 6 143 7
3 143 142 7
3 5 144 6
3 144 143 6
3 4 145 5
3 145 144 5
3 3 146 4
3 146 145 4
3 2 147 3
3 147 146 3
3 1 148 2
3 148 147 2
3 0 149 1
3 149 148 1
3 74 134 73
3 141 150 0
3 150 151 0
3 151 152 0
3 152 149 0
3 142 153 133
3 153 132 133
3 153 154 132
3 154 131 132
3 154 155 131
3 155 130 131
3 155 156 130
3 156 129 130
3 156 157 129
3 157 128 129
3 157 158 128
3 158 127 128
3 158 159 127
3 159 126 127
3 159 160 126
3 160 125 126
3 160 161 125
3 161 124 125
3 161 162 124
3 162 123 124
3 162 163 123
3 163 122 123
3 163 164 122
3 164 121 122
3 164 165 121
3 165 120 121
3 165 166 120
3 166 119 120
3 166 167 119
3 167 118 119
3 167 168 118
3 168 117 118
3 168 169 117
3 169 116 117
3 169 170 116
3 170 115 116
3 170 171 115
3 171 114 115
3 171 172 114
3 172 113 114
3 172 173 113
3 173 112 113
3 173 174 112
3 174 111 112
3 174 175 111
3 175 110 111
3 175 176 110
3 176 109 110
3 176 177 109
3 177 108 109
3 177 178 108
3 178 107 108
3 178 179 107
3 179 106 107
3 179 180 106
3 180 105 106
3 180 181 105
3 181 104 105
3 181 182 104
3 182 103 104
3 182 183 103
3 183 102 103
3 183 184 102
3 184 101 102
3 184 185 101
3 185 100 101
3 185 186 100
3 186 99 100
3 186 187 99
3 187 98 99
3 187 188 98
3 188 97 98
3 188 189 97
3 189 96 97
3 189 190 96
3 190 95 96
3 190 191 95
3 191 94 95
3 191 192 94
3 192 93 94
3 192 193 93
3 193 92 93
3 193 194 92
3 194 91 92
3 194 195 91
3 195 90 91
3 195 196 90
3 196 89 90
3 196 197 89
3 197 88 89
3 197 198 88
3 198 87 88
3 198 199 87
3 199 86 87
3 199 200 86
3 200 85 86
3 200 201 85
3 201 84 85
3 201 202 84
3 202 83 84
3 202 203 83
3 203 82 83
3 203 204 82
3 204 81 82
3 204 205 81
3 205 80 81
3 205 206 80
3 206 79 80
3 206 207 79
3 207 78 79
3 207 208 78
3 208 77 78
3 208 209 77
3 209 76 77
3 209 210 76
3 210 75 76
3 210 211 75
3 211 74 75
3 211 134 74
3 143 212 142
3 212 153 142
3 212 154 153
3 212 213 154
3 213 155 154
3 213 214 155
3 214 156 155
3 214 215 156
3 215 157 156
3 215 158 157
3 144 216 143
3 216 212 143
3 216 213 212
3 216 217 213
3 217 214 213
3 217 218 214
3 218 215 214
3 145 219 144
3 219 216 144
3 219 217 216
3 219 220 217
3 220 218 217
3 146 221 145
3 221 219 145
3 221 220 219
3 147 222 146
3 222 221 146
3 148 223 147
3 223 222 147
3 149 224 148
3 224 223 148
3 152 225 149
3 225 224 149
3 222 226 221
3 226 220 221
3 223 227 222
3 227 226 222
3 224 228 223
3 228 227 223
3 225 229 224
3 229 228 224
3 211 230 135
3 211 135 134
3 210 230 211
3 230 231 135
3 231 136 135
3 231 232 136
3 232 137 136
3 232 233 137
3 233 138 137
3 233 234 138
3 234 139 138
3 234 235 139
3 235 140 139
3 235 236 140
3 236 141 140
3 236 237 141
3 237 150 141
3 209 238 210
3 238 230 210
3 238 239 230
3 239 231 230
3 239 240 231
3 240 232 231
3 208 241 209
3 241 238 209
3 207 242 208
3 242 241 208
3 206 243 207
3 243 242 207
3 205 243 206
3 241 244 238
3 244 239 238
3 244 240 239
3 242 245 241
3 245 244 241
3 243 246 242
3 246 245 242
3 240 247 232
3 247 233 232
3 244 248 240
3 248 247 240
3 245 248 244
3 246 249 245
3 249 248 245
3 247 250 233
3 250 234 233
3 248 251 247
3 251 250 247
3 249 251 248
3 250 252 234
3 252 235 234
3 251 253 250
3 253 252 250
3 249 254 251
3 254 253 251
3 252 255 235
3 255 236 235
3 253 256 252
3 256 255 252
3 254 257 253
3 257 256 253
3 255 258 236
3 258 237 236
3 256 259 255
3 259 258 255
3 257 260 256
3 260 259 256
3 246 261 249
3 261 254 249
3 243 262 246
3 262 261 246
3 205 262 243
3 204 262 205
3 203 263 204
3 263 262 204
3 263 261 262
3 202 264 203
3 264 263 203
3 201 265 202
3 265 264 202
3 200 265 201
3 261 266 254
3 266 257 254
3 263 266 261
3 264 266 263
3 265 267 264
3 267 266 264
3 267 268 266
3 268 257 266
3 268 260 257
3 218 269 215
3 269 158 215
3 269 159 158
3 269 270 159
3 270 160 159
3 270 271 160
3 271 161 160
3 271 272 161
3 272 162 161
3 272 163 162
3 220 273 218
3 273 269 218
3 273 270 269
3 226 274 220
3 274 273 220
3 227 275 226
3 275 274 226
3 228 276 227
3 276 275 227
3 229 277 228
3 277 276 228
3 273 278 270
3 278 271 270
3 274 278 273
3 275 278 274
3 278 279 271
3 279 272 271
3 276 280 275
3 280 278 275
3 280 279 278
3 277 281 276
3 281 280 276
3 281 282 280
3 282 279 280
3 279 283 272
3 283 163 272
3 282 283 279
3 283 164 163
3 283 284 164
3 284 165 164
3 282 285 283
3 285 284 283
3 284 286 165
3 286 166 165
3 286 287 166
3 287 167 166
3 287 168 167
3 285 288 284
3 288 286 284
3 288 289 286
3 289 287 286
3 282 290 285
3 290 288 285
3 281 290 282
3 290 291 288
3 291 289 288
3 277 292 281
3 292 290 281
3 292 293 290
3 293 291 290
3 229 294 277
3 294 292 277
3 294 295 292
3 295 293 292
3 225 296 229
3 296 294 229
3 152 297 225
3 297 296 225
3 151 298 152
3 298 297 152
3 296 299 294
3 299 295 294
3 297 300 296
3 300 299 296
3 298 301 297
3 301 300 297
3 199 302 200
3 302 265 200
3 302 267 265
3 198 303 199
3 303 302 199
3 197 304 198
3 304 303 198
3 196 305 197
3 305 304 197
3 195 306 196
3 306 305 196
3 194 307 195
3 307 306 195
3 193 308 194
3 308 307 194
3 192 308 193
3 302 309 267
3 309 268 267
3 303 309 302
3 309 310 268
3 310 260 268
3 310 311 260
3 311 259 260
3 311 312 259
3 312 258 259
3 312 313 258
3 313 237 258
3 313 314 237
3 314 150 237
3 304 315 303
3 315 309 303
3 305 316 304
3 316 315 304
3 306 317 305
3 317 316 305
3 307 317 306
3 315 318 310
3 315 310 309
3 318 311 310
3 316 319 315
3 319 318 315
3 317 320 316
3 320 319 316
3 318 321 311
3 321 312 311
3 319 322 318
3 322 321 318
3 320 322 319
3 321 323 312
3 323 313 312
3 322 324 321
3 324 323 321
3 320 325 322
3 325 324 322
3 323 326 313
3 326 314 313
3 324 327 323
3 327 326 323
3 325 328 324
3 328 327 324
3 314 329 150
3 329 151 150
3 326 330 314
3 330 329 314
3 327 331 326
3 331 330 326
3 328 332 327
3 332 331 327
3 329 333 151
3 333 298 151
3 333 334 298
3 334 301 298
3 330 335 329
3 335 333 329
3 331 336 330
3 336 335 330
3 332 337 331
3 337 336 331
3 335 338 333
3 338 334 333
3 336 339 335
3 339 338 335
3 337 340 336
3 340 339 336
3 308 408 307
3 341 317 307
3 341 320 317
3 341 325 320
3 341 342 325
3 342 328 325
3 342 343 328
3 343 332 328
3 343 344 332
3 344 337 332
3 344 345 337
3 345 340 337
3 308 346 408
3 346 347 408
3 192 346 308
3 191 346 192
3 408 347 342
3 347 343 342
3 347 348 343
3 348 344 343
3 191 349 346
3 349 347 346
3 190 349 191
3 349 348 347
3 189 350 190
3 350 349 190
3 350 348 349
3 188 351 189
3 351 350 189
3 187 351 188
3 351 352 350
3 352 348 350
3 348 353 344
3 353 345 344
3 352 353 348
3 187 354 351
3 354 352 351
3 186 354 187
3 354 355 352
3 355 353 352
3 355 345 353
3 185 356 186
3 356 354 186
3 184 357 185
3 357 356 185
3 183 358 184
3 358 357 184
3 182 359 183
3 359 358 183
3 181 360 182
3 360 359 182
3 180 361 181
3 361 360 181
3 179 396 180
3 356 362 354
3 362 355 354
3 357 363 356
3 363 362 356
3 358 364 357
3 364 363 357
3 359 365 358
3 365 364 358
3 360 365 359
3 362 366 355
3 366 345 355
3 366 340 345
3 363 367 362
3 367 366 362
3 364 367 363
3 366 368 340
3 368 339 340
3 367 368 366
3 368 369 339
3 369 338 339
3 369 370 338
3 370 334 338
3 365 371 364
3 371 367 364
3 371 372 367
3 367 372 368
3 372 369 368
3 372 373 369
3 373 370 369
3 370 374 334
3 374 301 334
3 373 375 370
3 375 374 370
3 374 376 301
3 376 300 301
3 376 377 300
3 377 299 300
3 377 378 299
3 378 295 299
3 378 379 295
3 379 293 295
3 379 291 293
3 379 380 291
3 380 289 291
3 380 381 289
3 381 287 289
3 381 168 287
3 381 169 168
3 380 382 381
3 382 169 381
3 382 170 169
3 382 383 170
3 383 171 170
3 383 384 171
3 384 172 171
3 384 173 172
3 379 385 380
3 385 382 380
3 385 383 382
3 378 385 379
3 385 386 383
3 386 384 383
3 378 387 385
3 387 386 385
3 377 387 378
3 375 407 374
3 407 376 374
3 407 389 376
3 389 377 376
3 389 387 377
3 389 390 387
3 390 386 387
3 390 391 386
3 391 384 386
3 391 173 384
3 391 174 173
3 390 392 391
3 392 174 391
3 392 175 174
3 392 393 175
3 393 176 175
3 393 394 176
3 394 177 176
3 394 395 177
3 395 178 177
3 395 179 178
3 395 396 179
3 396 361 180
3 390 397 392
3 397 393 392
3 389 388 390
3 388 397 390
3 397 398 393
3 398 394 393
3 388 399 397
3 399 398 397
3 375 400 407
3 400 399 388
3 398 401 394
3 401 395 394
3 401 396 395
3 399 401 398
3 400 402 399
3 402 401 399
3 402 396 401
3 373 403 375
3 403 400 375
3 403 402 400
3 372 404 373
3 404 403 373
3 371 404 372
3 365 405 371
3 405 404 371
3 360 405 365
3 361 405 360
3 396 406 361
3 406 405 361
3 402 406 396
3 403 406 402
3 406 403 404
3 406 404 405
3 400 388 407
3 389 407 388
3 342 341 408
3 307 408 341
3 72 10 528
3 527 72 528
3 524 527 525
3 528 409 526
3 525 528 526
3 519 70 529
3 529 71 527
3 520 519 523
3 523 529 524
3 530 525 532
3 526 410 533
3 532 526 533
3 411 412 533
3 534 412 506
3 505 534 506
3 531 530 535
3 535 532 534
3 503 531 504
3 504 535 505
3 525 530 524
3 530 531 536
3 531 503 537
3 521 520 538
3 538 523 536
3 536 537 538
3 537 502 539
3 521 539 540
3 522 521 540
3 499 522 500
3 500 540 501
3 70 519 69
3 519 520 546
3 68 546 547
3 545 68 547
3 542 545 543
3 543 547 544
3 515 66 548
3 548 67 545
3 516 515 541
3 541 548 542
3 549 543 551
3 551 544 521
3 497 550 498
3 550 549 552
3 498 552 499
3 552 551 522
3 543 549 542
3 549 550 553
3 550 497 554
3 517 516 555
3 555 541 553
3 553 554 555
3 554 496 556
3 517 556 557
3 518 517 557
3 493 518 494
3 494 557 495
3 66 515 65
3 515 516 567
3 64 567 568
3 566 64 568
3 563 566 564
3 564 568 565
3 558 62 569
3 569 63 566
3 559 558 562
3 562 569 563
3 570 564 572
3 572 565 517
3 491 571 492
3 571 570 573
3 492 573 493
3 573 572 518
3 564 570 563
3 570 571 574
3 571 491 575
3 560 559 576
3 576 562 574
3 574 575 576
3 575 490 577
3 560 577 578
3 561 560 578
3 487 561 488
3 488 578 489
3 583 60 584
3 584 61 558
3 581 583 582
3 582 584 559
3 59 583 586
3 585 59 586
3 579 585 580
3 580 586 581
3 59 585 58
3 585 579 511
3 587 581 589
3 589 582 560
3 485 588 486
3 588 587 590
3 486 590 487
3 590 589 561
3 581 587 580
3 587 588 591
3 588 485 592
3 513 512 593
3 593 579 591
3 591 592 593
3 592 484 594
3 513 594 595
3 514 513 595
3 481 514 482
3 482 595 483
3 608 56 609
3 609 57 511
3 606 608 607
3 607 609 512
3 55 608 611
3 610 55 611
3 604 610 605
3 605 611 606
3 55 610 54
3 610 604 600
3 612 606 614
3 614 607 513
3 479 613 480
3 613 612 615
3 480 615 481
3 615 614 514
3 606 612 605
3 612 613 616
3 613 479 617
3 602 601 618
3 618 604 616
3 616 617 618
3 617 478 619
3 602 619 620
3 603 602 620
3 475 603 476
3 476 620 477
3 625 52 626
3 626 53 600
3 623 625 624
3 624 626 601
3 51 625 628
3 627 51 628
3 621 627 622
3 622 628 623
3 51 627 50
3 627 621 596
3 629 623 631
3 631 624 602
3 473 630 474
3 630 629 632
3 474 632 475
3 632 631 603
3 623 629 622
3 629 630 633
3 630 473 634
3 598 597 635
3 635 621 633
3 633 634 635
3 634 472 636
3 598 636 637
3 599 598 637
3 469 599 470
3 470 637 471
3 646 48 647
3 647 49 596
3 644 646 645
3 645 647 597
3 47 646 649
3 648 47 649
3 642 648 643
3 643 649 644
3 47 648 46
3 648 642 638
3 650 644 652
3 652 645 598
3 467 651 468
3 651 650 653
3 468 653 469
3 653 652 599
3 644 650 643
3 650 651 654
3 651 467 655
3 640 639 656
3 656 642 654
3 654 655 656
3 655 466 657
3 640 657 658
3 641 640 658
3 463 641 464
3 464 658 465
3 663 44 664
3 664 45 638
3 661 663 662
3 662 664 639
3 43 663 666
3 665 43 666
3 659 665 660
3 660 666 661
3 43 665 42
3 665 659 507
3 667 661 669
3 669 662 640
3 461 668 462
3 668 667 670
3 462 670 463
3 670 669 641
3 661 667 660
3 667 668 671
3 668 461 672
3 509 508 673
3 673 659 671
3 671 672 673
3 672 460 674
3 509 674 675
3 510 509 675
3 457 510 458
3 458 675 459
3 692 40 693
3 693 41 507
3 690 692 691
3 691 693 508
3 39 692 695
3 694 39 695
3 688 694 689
3 689 695 690
3 39 694 38
3 694 688 684
3 696 690 698
3 698 691 509
3 455 697 456
3 697 696 699
3 456 699 457
3 699 698 510
3 690 696 689
3 696 697 700
3 697 455 701
3 686 685 702
3 702 688 700
3 700 701 702
3 701 454 703
3 686 703 704
3 687 686 704
3 451 687 452
3 452 704 453
3 38 684 37
3 684 685 710
3 37 710 36
3 709 708 707
3 706 709 707
3 680 34 711
3 711 35 709
3 681 680 705
3 705 711 706
3 712 448 714
3 714 447 683
3 706 713 705
3 713 712 715
3 705 715 681
3 715 714 682
3 687 451 716
3 716 450 717
3 717 449 712
3 685 686 708
3 686 687 718
3 713 706 719
3 719 707 718
3 712 713 717
3 717 719 716
3 33 680 730
3 729 33 730
3 726 729 727
3 727 730 681
3 33 729 32
3 729 726 728
3 720 30 731
3 731 31 728
3 721 720 724
3 724 731 725
3 732 726 734
3 734 727 682
3 444 733 445
3 733 732 735
3 445 735 446
3 735 734 683
3 726 732 725
3 736 733 738
3 737 736 738
3 442 737 443
3 443 738 444
3 722 721 739
3 739 724 736
3 440 723 441
3 723 722 740
3 441 740 442
3 740 739 737
3 30 720 29
3 720 721 746
3 28 746 747
3 745 28 747
3 742 745 743
3 743 747 744
3 676 26 748
3 748 27 745
3 677 676 741
3 741 748 742
3 749 743 751
3 751 744 722
3 438 750 439
3 750 749 752
3 439 752 440
3 752 751 723
3 743 749 742
3 753 750 755
3 754 753 755
3 436 754 437
3 437 755 438
3 678 677 756
3 756 741 753
3 434 679 435
3 679 678 757
3 435 757 436
3 757 756 754
3 25 676 772
3 771 25 772
3 768 771 769
3 769 772 677
3 25 771 24
3 771 768 770
3 762 22 773
3 773 23 770
3 763 762 766
3 766 773 767
3 774 768 776
3 776 769 678
3 432 775 433
3 775 774 777
3 433 777 434
3 777 776 679
3 768 774 767
3 778 775 780
3 779 778 780
3 430 779 431
3 431 780 432
3 764 763 781
3 781 766 778
3 428 765 429
3 765 764 782
3 429 782 430
3 782 781 779
3 22 762 21
3 762 763 788
3 20 788 789
3 787 20 789
3 784 787 785
3 785 789 786
3 758 18 790
3 790 19 787
3 759 758 783
3 783 790 784
3 791 785 793
3 793 786 764
3 426 792 427
3 792 791 794
3 427 794 428
3 794 793 765
3 785 791 784
3 795 792 797
3 796 795 797
3 424 796 425
3 425 797 426
3 760 759 798
3 798 783 795
3 422 761 423
3 761 760 799
3 423 799 424
3 799 798 796
3 18 758 17
3 758 759 809
3 16 809 810
3 808 16 810
3 805 808 806
3 806 810 807
3 800 14 811
3 811 15 808
3 801 800 804
3 804 811 805
3 812 806 814
3 814 807 760
3 420 813 421
3 813 812 815
3 421 815 422
3 815 814 761
3 806 812 805
3 816 813 818
3 817 816 818
3 418 817 419
3 419 818 420
3 802 801 819
3 819 804 816
3 416 803 417
3 803 802 820
3 417 820 418
3 820 819 817
3 824 822 825
3 825 821 409
3 12 824 11
3 11 825 10
3 800 801 826
3 826 823 824
3 14 800 13
3 13 826 12
3 413 412 414
3 827 412 829
3 828 827 829
3 822 828 821
3 821 829 410
3 803 416 830
3 830 415 827
3 801 802 823
3 802 803 831
3 823 831 822
3 831 830 828
3 828 830 827
3 822 831 828
3 831 803 830
3 823 802 831
3 827 415 414
3 830 416 415
3 410 829 411
3 821 828 829
3 829 412 411
3 414 412 827
3 12 826 824
3 13 800 826
3 824 823 822
3 826 801 823
3 10 825 409
3 11 824 825
3 409 821 410
3 825 822 821
3 817 819 816
3 418 820 817
3 820 802 819
3 417 803 820
3 816 804 805
3 819 801 804
3 420 818 813
3 419 817 818
3 813 816 812
3 805 812 816
3 761 814 760
3 422 815 761
3 815 812 814
3 421 813 815
3 760 807 759
3 814 806 807
3 805 811 808
3 804 800 811
3 808 15 16
3 811 14 15
3 807 810 809
3 806 808 810
3 809 16 17
3 809 759 807
3 17 758 809
3 796 798 795
3 424 799 796
3 799 760 798
3 423 761 799
3 795 783 784
3 798 759 783
3 426 797 792
3 425 796 797
3 792 795 791
3 784 791 795
3 765 793 764
3 428 794 765
3 794 791 793
3 427 792 794
3 764 786 763
3 793 785 786
3 784 790 787
3 783 758 790
3 787 19 20
3 790 18 19
3 786 789 788
3 785 787 789
3 788 20 21
3 788 763 786
3 21 762 788
3 779 781 778
3 430 782 779
3 782 764 781
3 429 765 782
3 778 766 767
3 781 763 766
3 432 780 775
3 431 779 780
3 775 778 774
3 767 774 778
3 679 776 678
3 434 777 679
3 777 774 776
3 433 775 777
3 678 769 677
3 776 768 769
3 767 773 770
3 766 762 773
3 770 23 24
3 773 22 23
3 770 768 767
3 24 771 770
3 677 772 676
3 769 771 772
3 676 25 26
3 754 756 753
3 436 757 754
3 757 678 756
3 435 679 757
3 753 741 742
3 756 677 741
3 438 755 750
3 437 754 755
3 750 753 749
3 742 749 753
3 723 751 722
3 440 752 723
3 752 749 751
3 439 750 752
3 722 744 721
3 751 743 744
3 742 748 745
3 741 676 748
3 745 27 28
3 748 26 27
3 744 747 746
3 743 745 747
3 746 28 29
3 746 721 744
3 29 720 746
3 737 739 736
3 442 740 737
3 740 722 739
3 441 723 740
3 736 724 725
3 739 721 724
3 444 738 733
3 443 737 738
3 733 736 732
3 725 732 736
3 683 734 682
3 446 735 683
3 735 732 734
3 445 733 735
3 682 727 681
3 734 726 727
3 725 731 728
3 724 720 731
3 728 31 32
3 731 30 31
3 728 726 725
3 32 729 728
3 681 730 680
3 727 729 730
3 680 33 34
3 716 719 718
3 717 713 719
3 718 707 708
3 719 706 707
3 718 687 716
3 708 686 718
3 712 449 448
3 717 450 449
3 716 451 450
3 682 714 683
3 681 715 682
3 715 712 714
3 705 713 715
3 683 447 446
3 714 448 447
3 706 711 709
3 705 680 711
3 709 35 36
3 711 34 35
3 708 709 710
3 36 710 709
3 710 685 708
3 37 684 710
3 453 704 703
3 452 687 704
3 703 686 702
3 703 454 453
3 702 701 703
3 700 688 689
3 702 685 688
3 701 455 454
3 700 697 701
3 689 696 700
3 510 698 509
3 457 699 510
3 699 696 698
3 456 697 699
3 509 691 508
3 698 690 691
3 684 688 685
3 38 694 684
3 690 695 692
3 689 694 695
3 692 39 40
3 508 693 507
3 691 692 693
3 507 41 42
3 693 40 41
3 459 675 674
3 458 510 675
3 674 509 673
3 674 460 459
3 673 672 674
3 671 659 660
3 673 508 659
3 672 461 460
3 671 668 672
3 660 667 671
3 641 669 640
3 463 670 641
3 670 667 669
3 462 668 670
3 640 662 639
3 669 661 662
3 507 659 508
3 42 665 507
3 661 666 663
3 660 665 666
3 663 43 44
3 639 664 638
3 662 663 664
3 638 45 46
3 664 44 45
3 465 658 657
3 464 641 658
3 657 640 656
3 657 466 465
3 656 655 657
3 654 642 643
3 656 639 642
3 655 467 466
3 654 651 655
3 643 650 654
3 599 652 598
3 469 653 599
3 653 650 652
3 468 651 653
3 598 645 597
3 652 644 645
3 638 642 639
3 46 648 638
3 644 649 646
3 643 648 649
3 646 47 48
3 597 647 596
3 645 646 647
3 596 49 50
3 647 48 49
3 471 637 636
3 470 599 637
3 636 598 635
3 636 472 471
3 635 634 636
3 633 621 622
3 635 597 621
3 634 473 472
3 633 630 634
3 622 629 633
3 603 631 602
3 475 632 603
3 632 629 631
3 474 630 632
3 602 624 601
3 631 623 624
3 596 621 597
3 50 627 596
3 623 628 625
3 622 627 628
3 625 51 52
3 601 626 600
3 624 625 626
3 600 53 54
3 626 52 53
3 477 620 619
3 476 603 620
3 619 602 618
3 619 478 477
3 618 617 619
3 616 604 605
3 618 601 604
3 617 479 478
3 616 613 617
3 605 612 616
3 514 614 513
3 481 615 514
3 615 612 614
3 480 613 615
3 513 607 512
3 614 606 607
3 600 604 601
3 54 610 600
3 606 611 608
3 605 610 611
3 608 55 56
3 512 609 511
3 607 608 609
3 511 57 58
3 609 56 57
3 483 595 594
3 482 514 595
3 594 513 593
3 594 484 483
3 593 592 594
3 591 579 580
3 593 512 579
3 592 485 484
3 591 588 592
3 580 587 591
3 561 589 560
3 487 590 561
3 590 587 589
3 486 588 590
3 560 582 559
3 589 581 582
3 511 579 512
3 58 585 511
3 581 586 583
3 580 585 586
3 583 59 60
3 559 584 558
3 582 583 584
3 558 61 62
3 584 60 61
3 489 578 577
3 488 561 578
3 577 560 576
3 577 490 489
3 576 575 577
3 574 562 563
3 576 559 562
3 575 491 490
3 574 571 575
3 563 570 574
3 518 572 517
3 493 573 518
3 573 570 572
3 492 571 573
3 517 565 516
3 572 564 565
3 563 569 566
3 562 558 569
3 566 63 64
3 569 62 63
3 565 568 567
3 564 566 568
3 567 64 65
3 567 516 565
3 65 515 567
3 495 557 556
3 494 518 557
3 556 517 555
3 556 496 495
3 555 554 556
3 553 541 542
3 555 516 541
3 554 497 496
3 553 550 554
3 542 549 553
3 522 551 521
3 499 552 522
3 552 549 551
3 498 550 552
3 521 544 520
3 551 543 544
3 542 548 545
3 541 515 548
3 545 67 68
3 548 66 67
3 544 547 546
3 543 545 547
3 546 68 69
3 546 520 544
3 69 519 546
3 501 540 539
3 500 522 540
3 539 521 538
3 539 502 501
3 538 537 539
3 536 523 524
3 538 520 523
3 537 503 502
3 536 531 537
3 524 530 536
3 505 535 534
3 504 531 535
3 534 532 533
3 535 530 532
3 506 412 413
3 533 412 534
3 533 410 411
3 532 525 526
3 524 529 527
3 523 519 529
3 527 71 72
3 529 70 71
3 526 409 410
3 525 527 528
3 528 10 409
