4140 4320
4141 4321
4142 4322
4143 4323
4144 4324
4145 4325
4146 4326
4147 4327
4148 4328
4149 4329
4150 4330
4151 4331
4152 4332
4153 4333
4154 4334
4155 4335
4156 4336
4157 4337
4158 4338
4159 4339
4160 4340
4161 4341
4162 4342
4163 4343
4164 4344
4165 4345
4166 4346
4167 4347
4168 4348
4169 4349
4170 4350
4171 4351
4172 4352
4173 4353
4174 4354
4175 4355
4176 4356
4177 4357
4178 4358
4179 4359
4180 4360
4181 4361
4182 4362
4183 4363
4184 4364
4185 4365
4186 4366
4187 4367
4188 4368
4189 4369
4190 4370
4191 4371
4192 4372
4193 4373
4194 4374
4195 4375
4196 4376
4197 4377
4198 4378
4199 4379
