4.500013e-02
-1.764013e-02
2.109095e-02
5.073740e-02
-1.912119e-02
3.749292e-02
6.418610e-02
-2.498069e-02
3.332935e-02
7.101897e-02
-2.903900e-02
1.191787e-02
5.038202e-02
-1.756234e-02
6.265853e-02
6.362546e-02
-2.398832e-02
4.685347e-02
7.638211e-02
-3.164514e-02
5.448789e-03
5.137693e-02
-2.141291e-02
1.369943e-03
6.405609e-02
-2.705788e-02
-4.710194e-03
6.322667e-02
-2.793353e-02
-2.652903e-02
4.905800e-02
-2.280785e-02
-4.083620e-02
7.566150e-02
-3.246990e-02
-1.464954e-02
6.949667e-02
-3.081125e-02
-3.107424e-02
4.215825e-02
-2.086703e-02
-5.771213e-02
3.801717e-02
-1.218014e-02
6.639588e-02
3.703475e-02
-1.240770e-02
5.500061e-02
1.860617e-02
-4.758714e-03
5.392052e-02
2.200419e-03
2.739520e-03
6.525206e-02
2.802253e-02
-1.060038e-02
1.997123e-02
1.450122e-02
-4.074550e-03
3.548368e-02
-1.625419e-02
1.004996e-02
5.793622e-02
3.834041e-02
-1.670486e-02
-1.193803e-02
3.605132e-02
-1.691639e-02
-3.280239e-02
1.705377e-02
-9.536498e-03
-4.293237e-02
1.501160e-03
-2.325487e-03
-3.035726e-02
2.464885e-02
-1.407096e-02
-6.715086e-02
1.170023e-02
-8.300205e-03
-6.083763e-02
-1.735818e-02
5.259198e-03
-3.580063e-02
-3.215817e-02
1.220775e-02
-2.229038e-02
-2.989114e-02
1.243531e-02
-1.304701e-03
-1.052322e-02
4.786325e-03
6.788191e-03
5.424720e-03
-2.711908e-03
-7.961213e-03
-1.991751e-02
1.062799e-02
4.090234e-02
-5.929617e-03
4.102162e-03
2.887314e-02
2.390660e-02
-1.002235e-02
-4.418051e-04
-7.457181e-02
3.167275e-02
8.430254e-03
-6.710288e-02
2.906661e-02
1.768236e-02
-5.920794e-02
2.500831e-02
4.199964e-03
-5.987671e-02
2.401593e-02
-1.850250e-02
-3.776231e-02
1.766775e-02
3.330832e-02
-4.402925e-02
1.914880e-02
1.295196e-02
-4.612259e-02
1.758996e-02
-3.049491e-02
-7.529242e-02
3.249751e-02
1.776894e-02
-6.862518e-02
3.083886e-02
3.794446e-02
-6.016738e-02
2.796114e-02
4.973269e-02
-5.944608e-02
2.708549e-02
3.949105e-02
-4.060419e-02
2.089464e-02
6.967827e-02
-4.570865e-02
2.283546e-02
6.620539e-02
-4.512769e-02
2.144052e-02
4.564885e-02
-3.183494e-02
1.673248e-02
6.086973e-02
-3.087457e-02
1.694400e-02
7.181428e-02
-1.207561e-02
9.564110e-03
8.046168e-02
4.725459e-03
2.353098e-03
7.720722e-02
-2.329118e-02
1.409858e-02
7.765074e-02
-8.730603e-03
8.327817e-03
8.337188e-02
2.280260e-02
-5.231587e-03
7.681099e-02
3.361404e-02
-1.108934e-02
5.298971e-02
3.305063e-02
-1.007913e-02
6.681140e-02
1.454194e-02
-1.805879e-03
7.627384e-02
-2.400604e-03
4.969729e-03
7.070202e-02
2.576433e-02
-6.319342e-03
7.951053e-02
1.134793e-02
-1.048519e-04
8.278451e-02
-2.046933e-02
1.258035e-02
7.162394e-02
4.641249e-02
-1.731866e-02
3.737192e-02
6.057307e-02
-2.344933e-02
3.368399e-02
6.167427e-02
-2.315574e-02
4.714446e-02
4.775013e-02
-1.638474e-02
6.402487e-02
7.582039e-02
-3.070494e-02
1.803384e-02
6.980387e-02
-2.704355e-02
3.845665e-02
4.280935e-02
-1.394017e-02
7.076382e-02
4.495407e-02
-2.101861e-02
-3.954465e-02
5.911721e-02
-2.618577e-02
-2.601885e-02
5.916244e-02
-2.498069e-02
-4.175706e-03
4.422451e-02
-1.838019e-02
2.093385e-03
7.475262e-02
-3.094862e-02
5.713506e-03
6.753061e-02
-2.758254e-02
1.186642e-02
3.861350e-02
-1.488038e-02
2.266026e-02
3.121597e-02
-1.493989e-02
-3.362968e-02
2.960487e-02
-1.314869e-02
-1.369213e-02
1.047771e-02
-4.758714e-03
-6.763932e-03
-5.943452e-03
1.283066e-03
-2.153905e-02
2.099501e-02
-7.144112e-03
2.918574e-02
6.598108e-03
-1.877101e-03
1.569672e-02
-2.417841e-02
9.353448e-03
-1.365343e-02
-3.895938e-02
1.496751e-02
-2.381623e-02
-3.732102e-02
1.317630e-02
-4.355020e-02
-1.865167e-02
4.786323e-03
-5.389626e-02
-2.719151e-03
-1.255456e-03
-4.276926e-02
-2.694503e-02
7.171721e-03
-7.324271e-02
-1.383272e-02
1.904711e-03
-6.934411e-02
1.598238e-02
-9.325838e-03
-4.717163e-02
-7.620130e-02
3.097623e-02
-1.616487e-02
-7.059124e-02
2.761015e-02
-3.435215e-02
-6.423160e-02
2.500831e-02
-3.330509e-02
-6.438496e-02
2.621338e-02
-1.294452e-02
-4.414894e-02
1.490799e-02
-6.362210e-02
-5.054213e-02
1.840780e-02
-4.889482e-02
-5.155054e-02
2.104623e-02
-9.338531e-03
-7.513353e-02
3.073255e-02
-1.254199e-02
-6.831797e-02
2.707116e-02
-2.699940e-02
-6.171977e-02
2.318335e-02
-4.712020e-02
-6.292910e-02
2.347694e-02
-5.090946e-02
-3.995308e-02
1.396778e-02
-4.907583e-02
-4.701651e-02
1.641236e-02
-5.818388e-02
-5.009213e-02
1.734628e-02
-6.447898e-02
4.802226e-02
-2.354900e-02
-6.179509e-02
6.126984e-02
-2.841598e-02
-4.974777e-02
6.012188e-02
-2.793353e-02
-4.970843e-02
4.503281e-02
-2.234989e-02
-6.271432e-02
7.465443e-02
-3.203943e-02
-1.448593e-02
6.734074e-02
-2.991111e-02
-3.110604e-02
3.821110e-02
-1.916141e-02
-5.674225e-02
-7.629950e-02
3.206704e-02
2.568317e-03
-7.078110e-02
2.993872e-02
5.785364e-03
-6.327217e-02
2.796114e-02
2.655329e-02
-6.223233e-02
2.844359e-02
4.292607e-02
-4.455134e-02
1.918903e-02
9.771975e-03
-4.973383e-02
2.237750e-02
2.798198e-02
-4.848236e-02
2.357661e-02
5.872421e-02
3.413703e-02
-1.841049e-02
-7.375723e-02
3.145940e-02
-1.737435e-02
-7.525684e-02
1.203011e-02
-9.536500e-03
-8.043742e-02
-3.532028e-03
-3.225625e-03
-8.399712e-02
2.030561e-02
-1.193488e-02
-6.145598e-02
6.815842e-03
-6.942109e-03
-7.306664e-02
-2.225562e-02
4.828730e-03
-8.004546e-02
-3.656131e-02
1.111695e-02
-7.462918e-02
-3.387526e-02
1.010674e-02
-7.260387e-02
-1.458744e-02
1.833491e-03
-7.624959e-02
8.236985e-04
-4.942118e-03
-8.211075e-02
-2.217570e-02
6.346957e-03
-5.235494e-02
-9.082898e-03
1.324642e-04
-6.551053e-02
1.969147e-02
-1.255274e-02
-7.706728e-02
-3.603833e-02
1.843810e-02
5.992671e-02
-3.546649e-02
1.740196e-02
4.570513e-02
-1.709927e-02
9.564111e-03
4.295662e-02
-3.077293e-04
3.253237e-03
5.569466e-02
-2.763443e-02
1.196249e-02
7.105219e-03
-1.361499e-02
6.969720e-03
2.267027e-02
1.790517e-02
-4.801117e-03
4.793037e-02
3.355603e-02
-1.188135e-02
3.842268e-02
9.732191e-03
-3.270188e-03
1.423408e-02
2.128497e-02
-1.012035e-02
-2.176278e-02
5.224882e-02
-2.296514e-02
-1.982146e-02
5.983275e-02
-2.405350e-02
1.737520e-02
-1.449034e-02
5.178310e-03
-1.583382e-02
-4.691030e-02
1.908103e-02
-9.766495e-03
-5.577647e-02
2.110099e-02
-3.991081e-02
-2.883611e-02
8.446676e-03
-6.460834e-02
-3.319877e-03
-1.394080e-03
-4.972794e-02
3.125727e-02
-1.601069e-02
-5.243028e-02
5.887074e-03
-6.619367e-03
-7.424099e-02
1.650136e-02
-1.148000e-02
-8.173973e-02
4.843154e-02
-2.387535e-02
-6.456350e-02
5.755120e-02
-2.667547e-02
-4.644926e-02
7.269837e-02
-3.098672e-02
-1.030277e-02
7.075249e-02
-3.143615e-02
-3.285064e-02
6.972374e-02
-2.972439e-02
-9.983281e-03
7.103382e-02
-2.821703e-02
2.669740e-02
7.287224e-02
-2.899719e-02
2.649995e-02
5.804414e-02
-2.107338e-02
5.720449e-02
3.033915e-02
-8.419064e-03
7.619356e-02
7.735141e-03
1.421692e-03
8.305489e-02
2.147009e-02
-5.150699e-03
6.830636e-02
5.256276e-02
-1.905342e-02
5.232993e-02
-1.467546e-02
1.014796e-02
7.147128e-02
-4.722425e-02
2.299275e-02
5.769733e-02
-5.398787e-02
2.408111e-02
2.662484e-02
-2.561923e-02
1.190896e-02
2.119493e-02
-1.322828e-03
3.297800e-03
4.891155e-02
-2.223040e-02
7.378268e-03
-3.435872e-02
-5.308679e-02
2.055378e-02
-2.959577e-02
-5.946810e-02
2.534343e-02
8.238302e-03
-3.255557e-02
1.512809e-02
2.685809e-02
-9.541411e-03
4.025005e-03
5.316791e-04
-2.791799e-02
1.603830e-02
7.772429e-02
-5.167947e-03
6.646979e-03
7.997370e-02
-1.945908e-02
1.150761e-02
6.002226e-02
-5.104152e-02
2.390296e-02
4.544217e-02
-5.626942e-02
2.670308e-02
5.638263e-02
4.893951e-02
-1.754605e-02
5.217990e-02
5.465717e-02
-2.185354e-02
1.799588e-02
2.605226e-02
-1.040860e-02
8.684299e-03
2.655777e-03
9.722545e-04
3.711343e-02
1.680088e-02
-3.438937e-03
6.399519e-02
5.435252e-02
-2.531582e-02
-4.606566e-02
2.661969e-02
-1.510047e-02
-7.080961e-02
1.513609e-03
-3.997395e-03
-6.010077e-02
1.373003e-02
-7.350658e-03
-2.873839e-02
4.638628e-02
-2.052617e-02
-2.006422e-02
-8.399240e-03
-9.446436e-04
-7.962835e-02
-1.915955e-02
3.466549e-03
-8.124035e-02
-5.053356e-02
1.757366e-02
-6.371660e-02
-5.916345e-02
2.188115e-02
-5.127432e-02
-3.312301e-02
1.043620e-02
-6.110832e-02
-7.017939e-02
3.101433e-02
2.947262e-02
-7.212528e-02
3.146377e-02
2.296579e-02
-7.315403e-02
2.975200e-02
-1.526221e-02
-7.184395e-02
2.824464e-02
-3.238160e-02
-7.000552e-02
2.902480e-02
-4.733955e-03
3.810613e-02
-1.559411e-02
6.135206e-03
-3.220929e-02
1.130436e-02
-3.879395e-02
3.443356e-02
-1.826239e-02
-6.890049e-02
7.702390e-02
-3.221828e-02
1.213351e-05
3.670333e-02
-1.127674e-02
7.270902e-02
-3.080649e-02
1.562173e-02
4.872555e-02
-3.815163e-02
1.562172e-02
-6.110945e-03
-3.447907e-02
1.829000e-02
6.892475e-02
3.216378e-02
-1.127675e-02
3.881821e-02
3.076099e-02
-1.559411e-02
-4.870129e-02
-3.674884e-02
1.130436e-02
-7.268476e-02
-7.706941e-02
3.224589e-02
1.212938e-05
-0.000000e+00
