-3.525410e-03
6.317883e-03
-9.399222e-03
-1.154529e-02
1.746269e-02
-2.518112e-02
-3.288244e-02
2.198734e-02
-2.372141e-02
-4.467469e-02
1.442512e-02
-5.514325e-03
-2.394401e-02
3.587808e-02
-5.162990e-02
-3.875645e-02
3.161694e-02
-3.781691e-02
-6.054143e-02
1.664608e-02
-2.451262e-03
-1.451710e-02
-6.062675e-04
7.356225e-03
-3.467605e-02
2.532649e-03
1.069948e-02
-4.197294e-02
-5.990979e-03
2.861311e-02
-2.745743e-02
-1.746871e-02
4.214450e-02
-6.736916e-02
8.831388e-03
1.403237e-02
-5.909843e-02
-2.367064e-03
2.979788e-02
-3.045214e-02
-2.425726e-02
5.518603e-02
-4.279688e-03
3.165107e-02
-5.287644e-02
3.297831e-03
2.267953e-02
-4.066003e-02
2.509828e-02
1.587876e-02
-3.838550e-02
3.778116e-02
1.906555e-02
-4.941422e-02
1.656806e-02
-1.745246e-05
-7.186820e-03
3.140637e-02
4.116673e-03
-2.079143e-02
5.486588e-02
1.086094e-02
-4.266045e-02
-1.216851e-03
-1.122096e-02
1.992406e-02
-6.019989e-03
-2.004065e-02
3.726460e-02
1.038954e-02
-2.939111e-02
4.629351e-02
3.115594e-02
-2.892576e-02
3.645357e-02
-1.539751e-02
-3.290152e-02
6.358332e-02
4.867145e-03
-3.592173e-02
5.998882e-02
4.440582e-02
-3.453191e-02
4.038266e-02
6.014790e-02
-3.164720e-02
2.854525e-02
6.474202e-02
-2.267565e-02
1.103305e-02
5.184184e-02
-1.587487e-02
4.886097e-03
3.482119e-02
-1.906167e-02
1.780214e-02
6.058129e-02
2.133684e-05
-2.640362e-02
5.016374e-02
-4.112787e-03
-1.472244e-02
1.799483e-02
-1.085705e-02
1.093596e-02
7.804790e-02
-1.664221e-02
-5.189055e-03
8.213363e-02
-1.442125e-02
-1.080715e-02
8.040454e-02
-2.198347e-02
3.021533e-03
7.462990e-02
-3.161308e-02
2.218527e-02
7.245795e-02
-6.314001e-03
-2.061616e-02
7.545913e-02
-1.745881e-02
-2.650662e-03
6.465624e-02
-3.587421e-02
3.389295e-02
7.122007e-02
-8.827533e-03
-1.573125e-02
6.770969e-02
2.370921e-03
-3.356797e-02
7.131370e-02
5.994844e-03
-4.140243e-02
7.870996e-02
-2.528778e-03
-2.988167e-02
4.553085e-02
2.426112e-02
-6.177007e-02
5.954657e-02
1.747257e-02
-5.612962e-02
7.408272e-02
6.101455e-04
-3.329614e-02
6.321023e-02
1.122484e-02
-4.692025e-02
5.542369e-02
2.004452e-02
-5.878313e-02
3.713256e-02
2.939498e-02
-6.699338e-02
2.819540e-02
2.892964e-02
-6.230025e-02
2.861532e-02
3.290538e-02
-6.935769e-02
2.362404e-02
3.592560e-02
-7.240850e-02
7.534231e-03
3.453579e-02
-6.300475e-02
-4.599969e-02
4.198655e-02
-5.259627e-02
-3.445199e-02
4.474283e-02
-6.238665e-02
-1.341057e-02
4.385706e-02
-7.000993e-02
-5.813836e-03
4.019692e-02
-6.698619e-02
-4.828686e-03
4.054565e-02
-6.801785e-02
1.528663e-03
4.172984e-02
-7.283153e-02
1.492716e-02
3.483649e-02
-6.674131e-02
-6.155557e-02
3.818699e-02
-3.925796e-02
-6.767804e-02
3.672393e-02
-3.406426e-02
-5.668222e-02
3.927888e-02
-4.326638e-02
-3.984986e-02
4.339068e-02
-5.770000e-02
-6.586376e-02
2.555457e-02
-1.553990e-02
-5.618783e-02
3.333213e-02
-3.319852e-02
-2.428331e-02
4.137524e-02
-6.098781e-02
-7.537388e-02
3.129638e-03
2.737444e-02
-8.147217e-02
1.079593e-02
1.677141e-02
-8.048180e-02
2.198732e-02
-3.011322e-03
-7.325518e-02
2.448365e-02
-1.047215e-02
-7.598087e-02
2.324564e-02
-7.145489e-03
-7.772709e-02
2.822512e-02
-1.499609e-02
-6.403913e-02
3.246671e-02
-2.828605e-02
-6.872125e-02
5.502198e-03
2.037739e-02
-6.710049e-02
1.565852e-02
2.110179e-03
-5.191910e-02
1.587873e-02
-4.875885e-03
-3.938225e-02
5.265508e-03
8.021522e-03
-5.001818e-02
3.273095e-02
-3.484335e-02
-4.347600e-02
2.493764e-02
-2.421382e-02
-2.021638e-02
4.261337e-03
1.419003e-03
-4.293977e-03
-5.498373e-03
1.136751e-02
-5.656380e-03
-1.565469e-02
2.952232e-02
-2.517554e-02
-1.587490e-02
3.839571e-02
-4.234238e-02
-5.261687e-03
2.751277e-02
-6.004572e-03
-3.272712e-02
5.919497e-02
-2.471838e-02
-2.493381e-02
5.386122e-02
-5.708750e-02
-4.257514e-03
3.219186e-02
6.260853e-02
-2.324179e-02
1.294027e-02
4.908139e-02
-2.822128e-02
2.743619e-02
3.280518e-02
-2.198349e-02
2.373162e-02
3.191394e-02
-1.079210e-02
4.767552e-03
1.194454e-02
-3.246288e-02
5.092857e-02
1.374932e-02
-2.447983e-02
3.633925e-02
1.322598e-02
-3.125809e-03
-3.578271e-04
7.272567e-02
-2.555072e-02
1.253092e-02
7.062071e-02
-3.332827e-02
2.689549e-02
5.660496e-02
-3.927503e-02
4.327659e-02
4.570838e-02
-3.672009e-02
4.359967e-02
5.170047e-02
-4.137137e-02
4.903543e-02
4.715487e-02
-4.338682e-02
5.449824e-02
2.704471e-02
-3.818315e-02
5.424995e-02
-4.630251e-02
-2.084592e-02
5.618359e-02
-6.107582e-02
-1.033544e-02
4.443692e-02
-7.139096e-02
-5.990991e-03
4.141264e-02
-6.559624e-02
-1.312952e-02
5.123514e-02
-7.691126e-02
1.291014e-02
1.113118e-02
-7.952594e-02
6.161802e-03
2.393783e-02
-6.785167e-02
-8.096394e-03
4.351333e-02
6.167802e-02
-1.290629e-02
-4.526710e-03
4.728228e-02
-6.157962e-03
-9.932286e-03
4.189568e-02
5.994833e-03
-2.860289e-02
5.231004e-02
1.033929e-02
-4.064641e-02
8.131521e-03
8.100224e-03
-1.755299e-02
2.140782e-02
1.313335e-02
-3.203253e-02
4.229707e-02
2.084977e-02
-5.446428e-02
-4.104394e-02
-2.738186e-02
6.519742e-02
-4.952854e-02
-2.437987e-02
6.369804e-02
-3.720982e-02
-2.939113e-02
6.700360e-02
-1.653367e-02
-3.745466e-02
7.195081e-02
-5.655006e-02
-1.266191e-02
4.649065e-02
-4.141270e-02
-2.305367e-02
5.787367e-02
-1.997563e-03
-3.861069e-02
6.762526e-02
1.842802e-02
-4.198270e-02
6.456907e-02
2.699246e-02
-4.473898e-02
6.560882e-02
1.333332e-02
-4.385320e-02
7.002014e-02
-8.773552e-03
-4.019307e-02
7.330964e-02
3.918502e-02
-4.054178e-02
5.304629e-02
2.028648e-02
-4.172597e-02
6.331654e-02
-2.194360e-02
-3.483264e-02
6.977070e-02
2.338294e-02
2.738571e-02
-5.753668e-02
1.191509e-02
2.438371e-02
-4.735614e-02
-1.046680e-02
2.939497e-02
-4.628330e-02
-1.949431e-02
3.745850e-02
-5.629875e-02
-1.253699e-02
1.266573e-02
-1.645485e-02
-2.265565e-02
2.305750e-02
-3.002147e-02
-3.886920e-02
3.861453e-02
-4.986788e-02
1.061353e-02
1.141033e-02
-2.435665e-02
3.494176e-02
-7.927044e-03
-1.503993e-03
1.498231e-02
-2.059549e-02
2.908610e-02
-2.168154e-02
-9.087638e-03
2.513916e-02
-2.438160e-02
1.069305e-02
-7.890279e-03
4.975120e-02
-2.648840e-02
2.414833e-02
7.261829e-02
-2.797233e-02
1.676502e-02
6.316903e-02
-3.892602e-02
3.981714e-02
3.446198e-02
-4.421186e-02
6.144743e-02
2.616931e-02
-3.652499e-02
5.176358e-02
-1.116705e-02
-2.771545e-02
5.277508e-02
-1.490708e-03
-3.966076e-02
6.922049e-02
-3.034258e-02
-3.347828e-02
7.108311e-02
-5.785035e-02
-1.771199e-02
5.578886e-02
-4.599923e-02
-1.415036e-02
4.447388e-02
-5.347665e-02
5.945525e-03
1.297801e-02
-7.191394e-02
1.687075e-03
2.836349e-02
-8.166148e-02
1.790614e-02
4.559008e-03
-6.924850e-02
3.218852e-02
-2.553846e-02
-5.182932e-02
2.479645e-02
-2.033523e-02
-4.132889e-02
3.892989e-02
-4.934300e-02
-1.986670e-02
4.421572e-02
-6.782112e-02
1.601938e-02
3.652886e-02
-7.014293e-02
1.673601e-02
2.649228e-02
-5.309976e-02
-1.870717e-02
2.797620e-02
-4.024470e-02
4.799694e-02
2.059937e-02
-5.651125e-02
6.964347e-02
9.091511e-03
-4.603040e-02
8.011598e-02
-1.068917e-02
-1.638269e-02
6.494182e-02
-1.140645e-02
-8.540252e-03
4.509116e-02
7.930929e-03
-3.334106e-02
-2.358625e-02
-5.643667e-03
2.001266e-02
1.409576e-02
-1.401788e-02
1.809801e-02
2.819049e-02
1.271434e-03
-1.447232e-02
-7.804869e-04
1.909497e-02
-3.268726e-02
-3.278028e-02
1.482120e-02
-1.137437e-02
4.316078e-02
2.771932e-02
-6.671869e-02
8.658311e-03
3.966462e-02
-7.236246e-02
2.671900e-03
3.348213e-02
-5.906723e-02
3.347456e-02
1.771583e-02
-4.520656e-02
5.849806e-02
1.415422e-02
-4.993542e-02
-5.303771e-02
4.225856e-02
-5.000445e-02
-7.342052e-02
3.153780e-02
-2.259803e-02
-6.048510e-02
2.536477e-02
-1.755190e-02
-3.210776e-02
3.227040e-02
-4.183964e-02
-2.750502e-02
4.271133e-02
-6.189641e-02
-7.630695e-02
-1.267599e-03
3.538399e-02
-5.510842e-02
-1.909114e-02
5.698065e-02
-4.292959e-02
-1.481738e-02
4.429169e-02
-5.660119e-02
5.647489e-03
1.485282e-02
-7.722953e-02
1.402171e-02
9.347554e-03
-2.195788e-02
-3.226657e-02
6.533974e-02
5.510364e-03
-4.270749e-02
7.144270e-02
3.828792e-02
-4.225471e-02
5.639856e-02
3.107731e-02
-3.153396e-02
4.099781e-02
-6.156643e-03
-2.536095e-02
4.652376e-02
7.769792e-02
-5.941662e-03
-2.353988e-02
5.926058e-02
-1.683227e-03
-2.288152e-02
4.951323e-02
-1.790230e-02
9.405020e-03
6.192638e-02
-3.218467e-02
2.870084e-02
7.934548e-02
-2.479259e-02
8.339774e-03
3.125163e-03
-3.344958e-03
4.415903e-03
5.310173e-02
-3.755852e-02
4.183268e-02
-3.167242e-02
-2.862711e-02
6.327319e-02
-7.077442e-02
1.780017e-02
5.384987e-06
-1.016663e-02
3.756240e-02
-6.053679e-02
6.639304e-02
3.348840e-03
-3.468610e-02
-3.202427e-03
3.348810e-03
-4.405692e-03
3.159515e-02
2.863096e-02
-6.326298e-02
-5.317900e-02
3.756237e-02
-4.182247e-02
-6.647031e-02
-3.344984e-03
3.469631e-02
1.008937e-02
-3.755854e-02
6.054700e-02
7.069716e-02
-1.779632e-02
4.828379e-06
0.000000e+00
