3840 Triangles
3 0 481 480
3 481 1 482
3 482 25 480
3 481 482 480
3 0 483 481
3 483 456 484
3 484 1 481
3 483 484 481
3 0 480 485
3 480 25 486
3 486 24 485
3 480 486 485
3 1 488 487
3 488 2 489
3 489 26 487
3 488 489 487
3 1 490 488
3 490 457 491
3 491 2 488
3 490 491 488
3 1 487 482
3 487 26 492
3 492 25 482
3 487 492 482
3 1 484 490
3 484 456 493
3 493 457 490
3 484 493 490
3 2 495 494
3 495 3 496
3 496 27 494
3 495 496 494
3 2 497 495
3 497 458 498
3 498 3 495
3 497 498 495
3 2 494 489
3 494 27 499
3 499 26 489
3 494 499 489
3 2 491 497
3 491 457 500
3 500 458 497
3 491 500 497
3 3 502 501
3 502 4 503
3 503 28 501
3 502 503 501
3 3 504 502
3 504 459 505
3 505 4 502
3 504 505 502
3 3 501 496
3 501 28 506
3 506 27 496
3 501 506 496
3 3 498 504
3 498 458 507
3 507 459 504
3 498 507 504
3 4 509 508
3 509 5 510
3 510 29 508
3 509 510 508
3 4 511 509
3 511 460 512
3 512 5 509
3 511 512 509
3 4 508 503
3 508 29 513
3 513 28 503
3 508 513 503
3 4 505 511
3 505 459 514
3 514 460 511
3 505 514 511
3 5 516 515
3 516 6 517
3 517 30 515
3 516 517 515
3 461 519 518
3 519 6 516
3 516 5 518
3 519 516 518
3 5 515 510
3 515 30 520
3 520 29 510
3 515 520 510
3 461 518 521
3 518 5 512
3 512 460 521
3 518 512 521
3 31 523 522
3 523 6 524
3 524 7 522
3 523 524 522
3 462 526 525
3 526 7 524
3 524 6 525
3 526 524 525
3 31 527 523
3 527 30 517
3 517 6 523
3 527 517 523
3 461 528 519
3 528 462 525
3 525 6 519
3 528 525 519
3 8 530 529
3 530 32 531
3 531 7 529
3 530 531 529
3 8 529 532
3 529 7 533
3 533 463 532
3 529 533 532
3 31 522 534
3 522 7 531
3 531 32 534
3 522 531 534
3 462 535 526
3 535 463 533
3 533 7 526
3 535 533 526
3 8 537 536
3 537 9 538
3 538 33 536
3 537 538 536
3 8 539 537
3 539 464 540
3 540 9 537
3 539 540 537
3 8 536 530
3 536 33 541
3 541 32 530
3 536 541 530
3 8 532 539
3 532 463 542
3 542 464 539
3 532 542 539
3 9 544 543
3 544 10 545
3 545 34 543
3 544 545 543
3 9 546 544
3 546 465 547
3 547 10 544
3 546 547 544
3 9 543 538
3 543 34 548
3 548 33 538
3 543 548 538
3 9 540 546
3 540 464 549
3 549 465 546
3 540 549 546
3 10 551 550
3 551 11 552
3 552 35 550
3 551 552 550
3 10 553 551
3 553 466 554
3 554 11 551
3 553 554 551
3 10 550 545
3 550 35 555
3 555 34 545
3 550 555 545
3 10 547 553
3 547 465 556
3 556 466 553
3 547 556 553
3 11 558 557
3 558 12 559
3 559 36 557
3 558 559 557
3 11 560 558
3 560 467 561
3 561 12 558
3 560 561 558
3 11 557 552
3 557 36 562
3 562 35 552
3 557 562 552
3 11 554 560
3 554 466 563
3 563 467 560
3 554 563 560
3 12 565 564
3 565 13 566
3 566 37 564
3 565 566 564
3 12 567 565
3 567 468 568
3 568 13 565
3 567 568 565
3 12 564 559
3 564 37 569
3 569 36 559
3 564 569 559
3 12 561 567
3 561 467 570
3 570 468 567
3 561 570 567
3 13 572 571
3 572 14 573
3 573 38 571
3 572 573 571
3 469 575 574
3 575 14 572
3 572 13 574
3 575 572 574
3 13 571 566
3 571 38 576
3 576 37 566
3 571 576 566
3 469 574 577
3 574 13 568
3 568 468 577
3 574 568 577
3 39 579 578
3 579 14 580
3 580 15 578
3 579 580 578
3 470 582 581
3 582 15 580
3 580 14 581
3 582 580 581
3 39 583 579
3 583 38 573
3 573 14 579
3 583 573 579
3 469 584 575
3 584 470 581
3 581 14 575
3 584 581 575
3 16 586 585
3 586 40 587
3 587 15 585
3 586 587 585
3 16 585 588
3 585 15 589
3 589 471 588
3 585 589 588
3 39 578 590
3 578 15 587
3 587 40 590
3 578 587 590
3 470 591 582
3 591 471 589
3 589 15 582
3 591 589 582
3 16 593 592
3 593 17 594
3 594 41 592
3 593 594 592
3 16 595 593
3 595 472 596
3 596 17 593
3 595 596 593
3 16 592 586
3 592 41 597
3 597 40 586
3 592 597 586
3 16 588 595
3 588 471 598
3 598 472 595
3 588 598 595
3 17 600 599
3 600 18 601
3 601 42 599
3 600 601 599
3 17 602 600
3 602 473 603
3 603 18 600
3 602 603 600
3 17 599 594
3 599 42 604
3 604 41 594
3 599 604 594
3 17 596 602
3 596 472 605
3 605 473 602
3 596 605 602
3 18 607 606
3 607 19 608
3 608 43 606
3 607 608 606
3 18 609 607
3 609 474 610
3 610 19 607
3 609 610 607
3 18 606 601
3 606 43 611
3 611 42 601
3 606 611 601
3 18 603 609
3 603 473 612
3 612 474 609
3 603 612 609
3 19 614 613
3 614 20 615
3 615 44 613
3 614 615 613
3 19 616 614
3 616 475 617
3 617 20 614
3 616 617 614
3 19 613 608
3 613 44 618
3 618 43 608
3 613 618 608
3 19 610 616
3 610 474 619
3 619 475 616
3 610 619 616
3 20 621 620
3 621 21 622
3 622 45 620
3 621 622 620
3 20 623 621
3 623 476 624
3 624 21 621
3 623 624 621
3 20 620 615
3 620 45 625
3 625 44 615
3 620 625 615
3 20 617 623
3 617 475 626
3 626 476 623
3 617 626 623
3 21 628 627
3 628 22 629
3 629 46 627
3 628 629 627
3 477 631 630
3 631 22 628
3 628 21 630
3 631 628 630
3 21 627 622
3 627 46 632
3 632 45 622
3 627 632 622
3 477 630 633
3 630 21 624
3 624 476 633
3 630 624 633
3 47 635 634
3 635 22 636
3 636 23 634
3 635 636 634
3 478 638 637
3 638 23 636
3 636 22 637
3 638 636 637
3 47 639 635
3 639 46 629
3 629 22 635
3 639 629 635
3 477 640 631
3 640 478 637
3 637 22 631
3 640 637 631
3 192 1154 641
3 1154 216 642
3 642 23 641
3 1154 642 641
3 192 641 643
3 641 23 644
3 644 479 643
3 641 644 643
3 47 634 645
3 634 23 642
3 642 216 645
3 634 642 645
3 478 646 638
3 646 479 644
3 644 23 638
3 646 644 638
3 192 643 1083
3 643 479 647
3 647 168 1083
3 643 647 1083
3 24 486 648
3 486 25 649
3 649 49 648
3 486 649 648
3 24 648 650
3 648 49 651
3 651 48 650
3 648 651 650
3 25 492 652
3 492 26 653
3 653 50 652
3 492 653 652
3 25 652 649
3 652 50 654
3 654 49 649
3 652 654 649
3 26 499 655
3 499 27 656
3 656 51 655
3 499 656 655
3 26 655 653
3 655 51 657
3 657 50 653
3 655 657 653
3 27 506 658
3 506 28 659
3 659 52 658
3 506 659 658
3 27 658 656
3 658 52 660
3 660 51 656
3 658 660 656
3 28 513 661
3 513 29 662
3 662 53 661
3 513 662 661
3 28 661 659
3 661 53 663
3 663 52 659
3 661 663 659
3 54 665 664
3 665 29 520
3 520 30 664
3 665 520 664
3 54 666 665
3 666 53 662
3 662 29 665
3 666 662 665
3 31 667 527
3 667 55 668
3 668 30 527
3 667 668 527
3 54 664 669
3 664 30 668
3 668 55 669
3 664 668 669
3 31 534 670
3 534 32 671
3 671 56 670
3 534 671 670
3 31 670 667
3 670 56 672
3 672 55 667
3 670 672 667
3 32 541 673
3 541 33 674
3 674 57 673
3 541 674 673
3 32 673 671
3 673 57 675
3 675 56 671
3 673 675 671
3 33 548 676
3 548 34 677
3 677 58 676
3 548 677 676
3 33 676 674
3 676 58 678
3 678 57 674
3 676 678 674
3 34 555 679
3 555 35 680
3 680 59 679
3 555 680 679
3 34 679 677
3 679 59 681
3 681 58 677
3 679 681 677
3 35 562 682
3 562 36 683
3 683 60 682
3 562 683 682
3 35 682 680
3 682 60 684
3 684 59 680
3 682 684 680
3 36 569 685
3 569 37 686
3 686 61 685
3 569 686 685
3 36 685 683
3 685 61 687
3 687 60 683
3 685 687 683
3 62 689 688
3 689 37 576
3 576 38 688
3 689 576 688
3 62 690 689
3 690 61 686
3 686 37 689
3 690 686 689
3 39 691 583
3 691 63 692
3 692 38 583
3 691 692 583
3 62 688 693
3 688 38 692
3 692 63 693
3 688 692 693
3 39 590 694
3 590 40 695
3 695 64 694
3 590 695 694
3 39 694 691
3 694 64 696
3 696 63 691
3 694 696 691
3 40 597 697
3 597 41 698
3 698 65 697
3 597 698 697
3 40 697 695
3 697 65 699
3 699 64 695
3 697 699 695
3 41 604 700
3 604 42 701
3 701 66 700
3 604 701 700
3 41 700 698
3 700 66 702
3 702 65 698
3 700 702 698
3 42 611 703
3 611 43 704
3 704 67 703
3 611 704 703
3 42 703 701
3 703 67 705
3 705 66 701
3 703 705 701
3 43 618 706
3 618 44 707
3 707 68 706
3 618 707 706
3 43 706 704
3 706 68 708
3 708 67 704
3 706 708 704
3 44 625 709
3 625 45 710
3 710 69 709
3 625 710 709
3 44 709 707
3 709 69 711
3 711 68 707
3 709 711 707
3 70 713 712
3 713 45 632
3 632 46 712
3 713 632 712
3 70 714 713
3 714 69 710
3 710 45 713
3 714 710 713
3 47 715 639
3 715 71 716
3 716 46 639
3 715 716 639
3 70 712 717
3 712 46 716
3 716 71 717
3 712 716 717
3 47 645 718
3 645 216 1226
3 1226 240 718
3 645 1226 718
3 47 718 715
3 718 240 719
3 719 71 715
3 718 719 715
3 48 651 720
3 651 49 721
3 721 73 720
3 651 721 720
3 48 720 722
3 720 73 723
3 723 72 722
3 720 723 722
3 49 654 724
3 654 50 725
3 725 74 724
3 654 725 724
3 49 724 721
3 724 74 726
3 726 73 721
3 724 726 721
3 50 657 727
3 657 51 728
3 728 75 727
3 657 728 727
3 50 727 725
3 727 75 729
3 729 74 725
3 727 729 725
3 51 660 730
3 660 52 731
3 731 76 730
3 660 731 730
3 51 730 728
3 730 76 732
3 732 75 728
3 730 732 728
3 77 734 733
3 734 52 663
3 663 53 733
3 734 663 733
3 77 735 734
3 735 76 731
3 731 52 734
3 735 731 734
3 54 736 666
3 736 78 737
3 737 53 666
3 736 737 666
3 77 733 738
3 733 53 737
3 737 78 738
3 733 737 738
3 54 669 739
3 669 55 740
3 740 79 739
3 669 740 739
3 54 739 736
3 739 79 741
3 741 78 736
3 739 741 736
3 55 672 742
3 672 56 743
3 743 80 742
3 672 743 742
3 55 742 740
3 742 80 744
3 744 79 740
3 742 744 740
3 56 675 745
3 675 57 746
3 746 81 745
3 675 746 745
3 56 745 743
3 745 81 747
3 747 80 743
3 745 747 743
3 57 678 748
3 678 58 749
3 749 82 748
3 678 749 748
3 57 748 746
3 748 82 750
3 750 81 746
3 748 750 746
3 58 681 751
3 681 59 752
3 752 83 751
3 681 752 751
3 58 751 749
3 751 83 753
3 753 82 749
3 751 753 749
3 59 684 754
3 684 60 755
3 755 84 754
3 684 755 754
3 59 754 752
3 754 84 756
3 756 83 752
3 754 756 752
3 85 758 757
3 758 60 687
3 687 61 757
3 758 687 757
3 85 759 758
3 759 84 755
3 755 60 758
3 759 755 758
3 62 760 690
3 760 86 761
3 761 61 690
3 760 761 690
3 85 757 762
3 757 61 761
3 761 86 762
3 757 761 762
3 62 693 763
3 693 63 764
3 764 87 763
3 693 764 763
3 62 763 760
3 763 87 765
3 765 86 760
3 763 765 760
3 63 696 766
3 696 64 767
3 767 88 766
3 696 767 766
3 63 766 764
3 766 88 768
3 768 87 764
3 766 768 764
3 64 699 769
3 699 65 770
3 770 89 769
3 699 770 769
3 64 769 767
3 769 89 771
3 771 88 767
3 769 771 767
3 65 702 772
3 702 66 773
3 773 90 772
3 702 773 772
3 65 772 770
3 772 90 774
3 774 89 770
3 772 774 770
3 66 705 775
3 705 67 776
3 776 91 775
3 705 776 775
3 66 775 773
3 775 91 777
3 777 90 773
3 775 777 773
3 67 708 778
3 708 68 779
3 779 92 778
3 708 779 778
3 67 778 776
3 778 92 780
3 780 91 776
3 778 780 776
3 93 782 781
3 782 68 711
3 711 69 781
3 782 711 781
3 93 783 782
3 783 92 779
3 779 68 782
3 783 779 782
3 70 784 714
3 784 94 785
3 785 69 714
3 784 785 714
3 93 781 786
3 781 69 785
3 785 94 786
3 781 785 786
3 70 717 787
3 717 71 788
3 788 95 787
3 717 788 787
3 70 787 784
3 787 95 789
3 789 94 784
3 787 789 784
3 71 719 790
3 719 240 1298
3 1298 264 790
3 719 1298 790
3 71 790 788
3 790 264 791
3 791 95 788
3 790 791 788
3 72 723 792
3 723 73 793
3 793 97 792
3 723 793 792
3 72 792 794
3 792 97 795
3 795 96 794
3 792 795 794
3 73 726 796
3 726 74 797
3 797 98 796
3 726 797 796
3 73 796 793
3 796 98 798
3 798 97 793
3 796 798 793
3 74 729 799
3 729 75 800
3 800 99 799
3 729 800 799
3 74 799 797
3 799 99 801
3 801 98 797
3 799 801 797
3 100 803 802
3 803 75 732
3 732 76 802
3 803 732 802
3 100 804 803
3 804 99 800
3 800 75 803
3 804 800 803
3 77 805 735
3 805 101 806
3 806 76 735
3 805 806 735
3 100 802 807
3 802 76 806
3 806 101 807
3 802 806 807
3 77 738 808
3 738 78 809
3 809 102 808
3 738 809 808
3 77 808 805
3 808 102 810
3 810 101 805
3 808 810 805
3 78 741 811
3 741 79 812
3 812 103 811
3 741 812 811
3 78 811 809
3 811 103 813
3 813 102 809
3 811 813 809
3 79 744 814
3 744 80 815
3 815 104 814
3 744 815 814
3 79 814 812
3 814 104 816
3 816 103 812
3 814 816 812
3 80 747 817
3 747 81 818
3 818 105 817
3 747 818 817
3 80 817 815
3 817 105 819
3 819 104 815
3 817 819 815
3 81 750 820
3 750 82 821
3 821 106 820
3 750 821 820
3 81 820 818
3 820 106 822
3 822 105 818
3 820 822 818
3 82 753 823
3 753 83 824
3 824 107 823
3 753 824 823
3 82 823 821
3 823 107 825
3 825 106 821
3 823 825 821
3 108 827 826
3 827 83 756
3 756 84 826
3 827 756 826
3 108 828 827
3 828 107 824
3 824 83 827
3 828 824 827
3 85 829 759
3 829 109 830
3 830 84 759
3 829 830 759
3 108 826 831
3 826 84 830
3 830 109 831
3 826 830 831
3 85 762 832
3 762 86 833
3 833 110 832
3 762 833 832
3 85 832 829
3 832 110 834
3 834 109 829
3 832 834 829
3 86 765 835
3 765 87 836
3 836 111 835
3 765 836 835
3 86 835 833
3 835 111 837
3 837 110 833
3 835 837 833
3 87 768 838
3 768 88 839
3 839 112 838
3 768 839 838
3 87 838 836
3 838 112 840
3 840 111 836
3 838 840 836
3 88 771 841
3 771 89 842
3 842 113 841
3 771 842 841
3 88 841 839
3 841 113 843
3 843 112 839
3 841 843 839
3 89 774 844
3 774 90 845
3 845 114 844
3 774 845 844
3 89 844 842
3 844 114 846
3 846 113 842
3 844 846 842
3 90 777 847
3 777 91 848
3 848 115 847
3 777 848 847
3 90 847 845
3 847 115 849
3 849 114 845
3 847 849 845
3 116 851 850
3 851 91 780
3 780 92 850
3 851 780 850
3 116 852 851
3 852 115 848
3 848 91 851
3 852 848 851
3 93 853 783
3 853 117 854
3 854 92 783
3 853 854 783
3 116 850 855
3 850 92 854
3 854 117 855
3 850 854 855
3 93 786 856
3 786 94 857
3 857 118 856
3 786 857 856
3 93 856 853
3 856 118 858
3 858 117 853
3 856 858 853
3 94 789 859
3 789 95 860
3 860 119 859
3 789 860 859
3 94 859 857
3 859 119 861
3 861 118 857
3 859 861 857
3 95 791 862
3 791 264 1370
3 1370 288 862
3 791 1370 862
3 95 862 860
3 862 288 863
3 863 119 860
3 862 863 860
3 96 795 864
3 795 97 865
3 865 121 864
3 795 865 864
3 96 864 866
3 864 121 867
3 867 120 866
3 864 867 866
3 97 798 868
3 798 98 869
3 869 122 868
3 798 869 868
3 97 868 865
3 868 122 870
3 870 121 865
3 868 870 865
3 123 872 871
3 872 98 801
3 801 99 871
3 872 801 871
3 123 873 872
3 873 122 869
3 869 98 872
3 873 869 872
3 100 874 804
3 874 124 875
3 875 99 804
3 874 875 804
3 123 871 876
3 871 99 875
3 875 124 876
3 871 875 876
3 100 807 877
3 807 101 878
3 878 125 877
3 807 878 877
3 100 877 874
3 877 125 879
3 879 124 874
3 877 879 874
3 101 810 880
3 810 102 881
3 881 126 880
3 810 881 880
3 101 880 878
3 880 126 882
3 882 125 878
3 880 882 878
3 102 813 883
3 813 103 884
3 884 127 883
3 813 884 883
3 102 883 881
3 883 127 885
3 885 126 881
3 883 885 881
3 103 816 886
3 816 104 887
3 887 128 886
3 816 887 886
3 103 886 884
3 886 128 888
3 888 127 884
3 886 888 884
3 104 819 889
3 819 105 890
3 890 129 889
3 819 890 889
3 104 889 887
3 889 129 891
3 891 128 887
3 889 891 887
3 105 822 892
3 822 106 893
3 893 130 892
3 822 893 892
3 105 892 890
3 892 130 894
3 894 129 890
3 892 894 890
3 131 896 895
3 896 106 825
3 825 107 895
3 896 825 895
3 131 897 896
3 897 130 893
3 893 106 896
3 897 893 896
3 108 898 828
3 898 132 899
3 899 107 828
3 898 899 828
3 131 895 900
3 895 107 899
3 899 132 900
3 895 899 900
3 108 831 901
3 831 109 902
3 902 133 901
3 831 902 901
3 108 901 898
3 901 133 903
3 903 132 898
3 901 903 898
3 109 834 904
3 834 110 905
3 905 134 904
3 834 905 904
3 109 904 902
3 904 134 906
3 906 133 902
3 904 906 902
3 110 837 907
3 837 111 908
3 908 135 907
3 837 908 907
3 110 907 905
3 907 135 909
3 909 134 905
3 907 909 905
3 111 840 910
3 840 112 911
3 911 136 910
3 840 911 910
3 111 910 908
3 910 136 912
3 912 135 908
3 910 912 908
3 112 843 913
3 843 113 914
3 914 137 913
3 843 914 913
3 112 913 911
3 913 137 915
3 915 136 911
3 913 915 911
3 113 846 916
3 846 114 917
3 917 138 916
3 846 917 916
3 113 916 914
3 916 138 918
3 918 137 914
3 916 918 914
3 139 920 919
3 920 114 849
3 849 115 919
3 920 849 919
3 139 921 920
3 921 138 917
3 917 114 920
3 921 917 920
3 116 922 852
3 922 140 923
3 923 115 852
3 922 923 852
3 139 919 924
3 919 115 923
3 923 140 924
3 919 923 924
3 116 855 925
3 855 117 926
3 926 141 925
3 855 926 925
3 116 925 922
3 925 141 927
3 927 140 922
3 925 927 922
3 117 858 928
3 858 118 929
3 929 142 928
3 858 929 928
3 117 928 926
3 928 142 930
3 930 141 926
3 928 930 926
3 118 861 931
3 861 119 932
3 932 143 931
3 861 932 931
3 118 931 929
3 931 143 933
3 933 142 929
3 931 933 929
3 119 863 934
3 863 288 1442
3 1442 312 934
3 863 1442 934
3 119 934 932
3 934 312 935
3 935 143 932
3 934 935 932
3 120 867 936
3 867 121 937
3 937 145 936
3 867 937 936
3 120 936 938
3 936 145 939
3 939 144 938
3 936 939 938
3 146 941 940
3 941 121 870
3 870 122 940
3 941 870 940
3 146 942 941
3 942 145 937
3 937 121 941
3 942 937 941
3 123 943 873
3 943 147 944
3 944 122 873
3 943 944 873
3 146 940 945
3 940 122 944
3 944 147 945
3 940 944 945
3 123 876 946
3 876 124 947
3 947 148 946
3 876 947 946
3 123 946 943
3 946 148 948
3 948 147 943
3 946 948 943
3 124 879 949
3 879 125 950
3 950 149 949
3 879 950 949
3 124 949 947
3 949 149 951
3 951 148 947
3 949 951 947
3 125 882 952
3 882 126 953
3 953 150 952
3 882 953 952
3 125 952 950
3 952 150 954
3 954 149 950
3 952 954 950
3 126 885 955
3 885 127 956
3 956 151 955
3 885 956 955
3 126 955 953
3 955 151 957
3 957 150 953
3 955 957 953
3 127 888 958
3 888 128 959
3 959 152 958
3 888 959 958
3 127 958 956
3 958 152 960
3 960 151 956
3 958 960 956
3 128 891 961
3 891 129 962
3 962 153 961
3 891 962 961
3 128 961 959
3 961 153 963
3 963 152 959
3 961 963 959
3 154 965 964
3 965 129 894
3 894 130 964
3 965 894 964
3 154 966 965
3 966 153 962
3 962 129 965
3 966 962 965
3 131 967 897
3 967 155 968
3 968 130 897
3 967 968 897
3 154 964 969
3 964 130 968
3 968 155 969
3 964 968 969
3 131 900 970
3 900 132 971
3 971 156 970
3 900 971 970
3 131 970 967
3 970 156 972
3 972 155 967
3 970 972 967
3 132 903 973
3 903 133 974
3 974 157 973
3 903 974 973
3 132 973 971
3 973 157 975
3 975 156 971
3 973 975 971
3 133 906 976
3 906 134 977
3 977 158 976
3 906 977 976
3 133 976 974
3 976 158 978
3 978 157 974
3 976 978 974
3 134 909 979
3 909 135 980
3 980 159 979
3 909 980 979
3 134 979 977
3 979 159 981
3 981 158 977
3 979 981 977
3 135 912 982
3 912 136 983
3 983 160 982
3 912 983 982
3 135 982 980
3 982 160 984
3 984 159 980
3 982 984 980
3 136 915 985
3 915 137 986
3 986 161 985
3 915 986 985
3 136 985 983
3 985 161 987
3 987 160 983
3 985 987 983
3 162 989 988
3 989 137 918
3 918 138 988
3 989 918 988
3 162 990 989
3 990 161 986
3 986 137 989
3 990 986 989
3 139 991 921
3 991 163 992
3 992 138 921
3 991 992 921
3 162 988 993
3 988 138 992
3 992 163 993
3 988 992 993
3 139 924 994
3 924 140 995
3 995 164 994
3 924 995 994
3 139 994 991
3 994 164 996
3 996 163 991
3 994 996 991
3 140 927 997
3 927 141 998
3 998 165 997
3 927 998 997
3 140 997 995
3 997 165 999
3 999 164 995
3 997 999 995
3 141 930 1000
3 930 142 1001
3 1001 166 1000
3 930 1001 1000
3 141 1000 998
3 1000 166 1002
3 1002 165 998
3 1000 1002 998
3 142 933 1003
3 933 143 1004
3 1004 167 1003
3 933 1004 1003
3 142 1003 1001
3 1003 167 1005
3 1005 166 1001
3 1003 1005 1001
3 143 935 1006
3 935 312 1514
3 1514 336 1006
3 935 1514 1006
3 143 1006 1004
3 1006 336 1007
3 1007 167 1004
3 1006 1007 1004
3 169 1009 1008
3 1009 144 939
3 939 145 1008
3 1009 939 1008
3 169 1010 1009
3 1010 168 1011
3 1011 144 1009
3 1010 1011 1009
3 146 1012 942
3 1012 170 1013
3 1013 145 942
3 1012 1013 942
3 169 1008 1014
3 1008 145 1013
3 1013 170 1014
3 1008 1013 1014
3 146 945 1015
3 945 147 1016
3 1016 171 1015
3 945 1016 1015
3 146 1015 1012
3 1015 171 1017
3 1017 170 1012
3 1015 1017 1012
3 147 948 1018
3 948 148 1019
3 1019 172 1018
3 948 1019 1018
3 147 1018 1016
3 1018 172 1020
3 1020 171 1016
3 1018 1020 1016
3 148 951 1021
3 951 149 1022
3 1022 173 1021
3 951 1022 1021
3 148 1021 1019
3 1021 173 1023
3 1023 172 1019
3 1021 1023 1019
3 149 954 1024
3 954 150 1025
3 1025 174 1024
3 954 1025 1024
3 149 1024 1022
3 1024 174 1026
3 1026 173 1022
3 1024 1026 1022
3 150 957 1027
3 957 151 1028
3 1028 175 1027
3 957 1028 1027
3 150 1027 1025
3 1027 175 1029
3 1029 174 1025
3 1027 1029 1025
3 151 960 1030
3 960 152 1031
3 1031 176 1030
3 960 1031 1030
3 151 1030 1028
3 1030 176 1032
3 1032 175 1028
3 1030 1032 1028
3 177 1034 1033
3 1034 152 963
3 963 153 1033
3 1034 963 1033
3 177 1035 1034
3 1035 176 1031
3 1031 152 1034
3 1035 1031 1034
3 154 1036 966
3 1036 178 1037
3 1037 153 966
3 1036 1037 966
3 177 1033 1038
3 1033 153 1037
3 1037 178 1038
3 1033 1037 1038
3 154 969 1039
3 969 155 1040
3 1040 179 1039
3 969 1040 1039
3 154 1039 1036
3 1039 179 1041
3 1041 178 1036
3 1039 1041 1036
3 155 972 1042
3 972 156 1043
3 1043 180 1042
3 972 1043 1042
3 155 1042 1040
3 1042 180 1044
3 1044 179 1040
3 1042 1044 1040
3 156 975 1045
3 975 157 1046
3 1046 181 1045
3 975 1046 1045
3 156 1045 1043
3 1045 181 1047
3 1047 180 1043
3 1045 1047 1043
3 157 978 1048
3 978 158 1049
3 1049 182 1048
3 978 1049 1048
3 157 1048 1046
3 1048 182 1050
3 1050 181 1046
3 1048 1050 1046
3 158 981 1051
3 981 159 1052
3 1052 183 1051
3 981 1052 1051
3 158 1051 1049
3 1051 183 1053
3 1053 182 1049
3 1051 1053 1049
3 159 984 1054
3 984 160 1055
3 1055 184 1054
3 984 1055 1054
3 159 1054 1052
3 1054 184 1056
3 1056 183 1052
3 1054 1056 1052
3 185 1058 1057
3 1058 160 987
3 987 161 1057
3 1058 987 1057
3 185 1059 1058
3 1059 184 1055
3 1055 160 1058
3 1059 1055 1058
3 162 1060 990
3 1060 186 1061
3 1061 161 990
3 1060 1061 990
3 185 1057 1062
3 1057 161 1061
3 1061 186 1062
3 1057 1061 1062
3 162 993 1063
3 993 163 1064
3 1064 187 1063
3 993 1064 1063
3 162 1063 1060
3 1063 187 1065
3 1065 186 1060
3 1063 1065 1060
3 163 996 1066
3 996 164 1067
3 1067 188 1066
3 996 1067 1066
3 163 1066 1064
3 1066 188 1068
3 1068 187 1064
3 1066 1068 1064
3 164 999 1069
3 999 165 1070
3 1070 189 1069
3 999 1070 1069
3 164 1069 1067
3 1069 189 1071
3 1071 188 1067
3 1069 1071 1067
3 165 1002 1072
3 1002 166 1073
3 1073 190 1072
3 1002 1073 1072
3 165 1072 1070
3 1072 190 1074
3 1074 189 1070
3 1072 1074 1070
3 166 1005 1075
3 1005 167 1076
3 1076 191 1075
3 1005 1076 1075
3 166 1075 1073
3 1075 191 1077
3 1077 190 1073
3 1075 1077 1073
3 167 1007 1078
3 1007 336 1587
3 1587 360 1078
3 1007 1587 1078
3 167 1078 1076
3 1078 360 1079
3 1079 191 1076
3 1078 1079 1076
3 169 1080 1010
3 1080 193 1081
3 1081 168 1010
3 1080 1081 1010
3 192 1083 1082
3 1083 168 1081
3 1081 193 1082
3 1083 1081 1082
3 169 1014 1084
3 1014 170 1085
3 1085 194 1084
3 1014 1085 1084
3 169 1084 1080
3 1084 194 1086
3 1086 193 1080
3 1084 1086 1080
3 170 1017 1087
3 1017 171 1088
3 1088 195 1087
3 1017 1088 1087
3 170 1087 1085
3 1087 195 1089
3 1089 194 1085
3 1087 1089 1085
3 171 1020 1090
3 1020 172 1091
3 1091 196 1090
3 1020 1091 1090
3 171 1090 1088
3 1090 196 1092
3 1092 195 1088
3 1090 1092 1088
3 172 1023 1093
3 1023 173 1094
3 1094 197 1093
3 1023 1094 1093
3 172 1093 1091
3 1093 197 1095
3 1095 196 1091
3 1093 1095 1091
3 173 1026 1096
3 1026 174 1097
3 1097 198 1096
3 1026 1097 1096
3 173 1096 1094
3 1096 198 1098
3 1098 197 1094
3 1096 1098 1094
3 174 1029 1099
3 1029 175 1100
3 1100 199 1099
3 1029 1100 1099
3 174 1099 1097
3 1099 199 1101
3 1101 198 1097
3 1099 1101 1097
3 200 1103 1102
3 1103 175 1032
3 1032 176 1102
3 1103 1032 1102
3 200 1104 1103
3 1104 199 1100
3 1100 175 1103
3 1104 1100 1103
3 177 1105 1035
3 1105 201 1106
3 1106 176 1035
3 1105 1106 1035
3 200 1102 1107
3 1102 176 1106
3 1106 201 1107
3 1102 1106 1107
3 177 1038 1108
3 1038 178 1109
3 1109 202 1108
3 1038 1109 1108
3 177 1108 1105
3 1108 202 1110
3 1110 201 1105
3 1108 1110 1105
3 178 1041 1111
3 1041 179 1112
3 1112 203 1111
3 1041 1112 1111
3 178 1111 1109
3 1111 203 1113
3 1113 202 1109
3 1111 1113 1109
3 179 1044 1114
3 1044 180 1115
3 1115 204 1114
3 1044 1115 1114
3 179 1114 1112
3 1114 204 1116
3 1116 203 1112
3 1114 1116 1112
3 180 1047 1117
3 1047 181 1118
3 1118 205 1117
3 1047 1118 1117
3 180 1117 1115
3 1117 205 1119
3 1119 204 1115
3 1117 1119 1115
3 181 1050 1120
3 1050 182 1121
3 1121 206 1120
3 1050 1121 1120
3 181 1120 1118
3 1120 206 1122
3 1122 205 1118
3 1120 1122 1118
3 182 1053 1123
3 1053 183 1124
3 1124 207 1123
3 1053 1124 1123
3 182 1123 1121
3 1123 207 1125
3 1125 206 1121
3 1123 1125 1121
3 208 1127 1126
3 1127 183 1056
3 1056 184 1126
3 1127 1056 1126
3 208 1128 1127
3 1128 207 1124
3 1124 183 1127
3 1128 1124 1127
3 185 1129 1059
3 1129 209 1130
3 1130 184 1059
3 1129 1130 1059
3 208 1126 1131
3 1126 184 1130
3 1130 209 1131
3 1126 1130 1131
3 185 1062 1132
3 1062 186 1133
3 1133 210 1132
3 1062 1133 1132
3 185 1132 1129
3 1132 210 1134
3 1134 209 1129
3 1132 1134 1129
3 186 1065 1135
3 1065 187 1136
3 1136 211 1135
3 1065 1136 1135
3 186 1135 1133
3 1135 211 1137
3 1137 210 1133
3 1135 1137 1133
3 187 1068 1138
3 1068 188 1139
3 1139 212 1138
3 1068 1139 1138
3 187 1138 1136
3 1138 212 1140
3 1140 211 1136
3 1138 1140 1136
3 188 1071 1141
3 1071 189 1142
3 1142 213 1141
3 1071 1142 1141
3 188 1141 1139
3 1141 213 1143
3 1143 212 1139
3 1141 1143 1139
3 189 1074 1144
3 1074 190 1145
3 1145 214 1144
3 1074 1145 1144
3 189 1144 1142
3 1144 214 1146
3 1146 213 1142
3 1144 1146 1142
3 190 1077 1147
3 1077 191 1148
3 1148 215 1147
3 1077 1148 1147
3 190 1147 1145
3 1147 215 1149
3 1149 214 1145
3 1147 1149 1145
3 384 1150 1659
3 1150 191 1079
3 1079 360 1659
3 1150 1079 1659
3 384 1151 1150
3 1151 215 1148
3 1148 191 1150
3 1151 1148 1150
3 192 1082 1152
3 1082 193 1153
3 1153 217 1152
3 1082 1153 1152
3 192 1152 1154
3 1152 217 1155
3 1155 216 1154
3 1152 1155 1154
3 193 1086 1156
3 1086 194 1157
3 1157 218 1156
3 1086 1157 1156
3 193 1156 1153
3 1156 218 1158
3 1158 217 1153
3 1156 1158 1153
3 194 1089 1159
3 1089 195 1160
3 1160 219 1159
3 1089 1160 1159
3 194 1159 1157
3 1159 219 1161
3 1161 218 1157
3 1159 1161 1157
3 195 1092 1162
3 1092 196 1163
3 1163 220 1162
3 1092 1163 1162
3 195 1162 1160
3 1162 220 1164
3 1164 219 1160
3 1162 1164 1160
3 196 1095 1165
3 1095 197 1166
3 1166 221 1165
3 1095 1166 1165
3 196 1165 1163
3 1165 221 1167
3 1167 220 1163
3 1165 1167 1163
3 197 1098 1168
3 1098 198 1169
3 1169 222 1168
3 1098 1169 1168
3 197 1168 1166
3 1168 222 1170
3 1170 221 1166
3 1168 1170 1166
3 223 1172 1171
3 1172 198 1101
3 1101 199 1171
3 1172 1101 1171
3 223 1173 1172
3 1173 222 1169
3 1169 198 1172
3 1173 1169 1172
3 200 1174 1104
3 1174 224 1175
3 1175 199 1104
3 1174 1175 1104
3 223 1171 1176
3 1171 199 1175
3 1175 224 1176
3 1171 1175 1176
3 200 1107 1177
3 1107 201 1178
3 1178 225 1177
3 1107 1178 1177
3 200 1177 1174
3 1177 225 1179
3 1179 224 1174
3 1177 1179 1174
3 201 1110 1180
3 1110 202 1181
3 1181 226 1180
3 1110 1181 1180
3 201 1180 1178
3 1180 226 1182
3 1182 225 1178
3 1180 1182 1178
3 202 1113 1183
3 1113 203 1184
3 1184 227 1183
3 1113 1184 1183
3 202 1183 1181
3 1183 227 1185
3 1185 226 1181
3 1183 1185 1181
3 203 1116 1186
3 1116 204 1187
3 1187 228 1186
3 1116 1187 1186
3 203 1186 1184
3 1186 228 1188
3 1188 227 1184
3 1186 1188 1184
3 204 1119 1189
3 1119 205 1190
3 1190 229 1189
3 1119 1190 1189
3 204 1189 1187
3 1189 229 1191
3 1191 228 1187
3 1189 1191 1187
3 205 1122 1192
3 1122 206 1193
3 1193 230 1192
3 1122 1193 1192
3 205 1192 1190
3 1192 230 1194
3 1194 229 1190
3 1192 1194 1190
3 231 1196 1195
3 1196 206 1125
3 1125 207 1195
3 1196 1125 1195
3 231 1197 1196
3 1197 230 1193
3 1193 206 1196
3 1197 1193 1196
3 208 1198 1128
3 1198 232 1199
3 1199 207 1128
3 1198 1199 1128
3 231 1195 1200
3 1195 207 1199
3 1199 232 1200
3 1195 1199 1200
3 208 1131 1201
3 1131 209 1202
3 1202 233 1201
3 1131 1202 1201
3 208 1201 1198
3 1201 233 1203
3 1203 232 1198
3 1201 1203 1198
3 209 1134 1204
3 1134 210 1205
3 1205 234 1204
3 1134 1205 1204
3 209 1204 1202
3 1204 234 1206
3 1206 233 1202
3 1204 1206 1202
3 210 1137 1207
3 1137 211 1208
3 1208 235 1207
3 1137 1208 1207
3 210 1207 1205
3 1207 235 1209
3 1209 234 1205
3 1207 1209 1205
3 211 1140 1210
3 1140 212 1211
3 1211 236 1210
3 1140 1211 1210
3 211 1210 1208
3 1210 236 1212
3 1212 235 1208
3 1210 1212 1208
3 212 1143 1213
3 1143 213 1214
3 1214 237 1213
3 1143 1214 1213
3 212 1213 1211
3 1213 237 1215
3 1215 236 1211
3 1213 1215 1211
3 213 1146 1216
3 1146 214 1217
3 1217 238 1216
3 1146 1217 1216
3 213 1216 1214
3 1216 238 1218
3 1218 237 1214
3 1216 1218 1214
3 239 1220 1219
3 1220 214 1149
3 1149 215 1219
3 1220 1149 1219
3 239 1221 1220
3 1221 238 1217
3 1217 214 1220
3 1221 1217 1220
3 384 1730 1151
3 1730 408 1222
3 1222 215 1151
3 1730 1222 1151
3 239 1219 1223
3 1219 215 1222
3 1222 408 1223
3 1219 1222 1223
3 216 1155 1224
3 1155 217 1225
3 1225 241 1224
3 1155 1225 1224
3 216 1224 1226
3 1224 241 1227
3 1227 240 1226
3 1224 1227 1226
3 217 1158 1228
3 1158 218 1229
3 1229 242 1228
3 1158 1229 1228
3 217 1228 1225
3 1228 242 1230
3 1230 241 1225
3 1228 1230 1225
3 218 1161 1231
3 1161 219 1232
3 1232 243 1231
3 1161 1232 1231
3 218 1231 1229
3 1231 243 1233
3 1233 242 1229
3 1231 1233 1229
3 219 1164 1234
3 1164 220 1235
3 1235 244 1234
3 1164 1235 1234
3 219 1234 1232
3 1234 244 1236
3 1236 243 1232
3 1234 1236 1232
3 220 1167 1237
3 1167 221 1238
3 1238 245 1237
3 1167 1238 1237
3 220 1237 1235
3 1237 245 1239
3 1239 244 1235
3 1237 1239 1235
3 246 1241 1240
3 1241 221 1170
3 1170 222 1240
3 1241 1170 1240
3 246 1242 1241
3 1242 245 1238
3 1238 221 1241
3 1242 1238 1241
3 223 1243 1173
3 1243 247 1244
3 1244 222 1173
3 1243 1244 1173
3 246 1240 1245
3 1240 222 1244
3 1244 247 1245
3 1240 1244 1245
3 223 1176 1246
3 1176 224 1247
3 1247 248 1246
3 1176 1247 1246
3 223 1246 1243
3 1246 248 1248
3 1248 247 1243
3 1246 1248 1243
3 224 1179 1249
3 1179 225 1250
3 1250 249 1249
3 1179 1250 1249
3 224 1249 1247
3 1249 249 1251
3 1251 248 1247
3 1249 1251 1247
3 225 1182 1252
3 1182 226 1253
3 1253 250 1252
3 1182 1253 1252
3 225 1252 1250
3 1252 250 1254
3 1254 249 1250
3 1252 1254 1250
3 226 1185 1255
3 1185 227 1256
3 1256 251 1255
3 1185 1256 1255
3 226 1255 1253
3 1255 251 1257
3 1257 250 1253
3 1255 1257 1253
3 227 1188 1258
3 1188 228 1259
3 1259 252 1258
3 1188 1259 1258
3 227 1258 1256
3 1258 252 1260
3 1260 251 1256
3 1258 1260 1256
3 228 1191 1261
3 1191 229 1262
3 1262 253 1261
3 1191 1262 1261
3 228 1261 1259
3 1261 253 1263
3 1263 252 1259
3 1261 1263 1259
3 254 1265 1264
3 1265 229 1194
3 1194 230 1264
3 1265 1194 1264
3 254 1266 1265
3 1266 253 1262
3 1262 229 1265
3 1266 1262 1265
3 231 1267 1197
3 1267 255 1268
3 1268 230 1197
3 1267 1268 1197
3 254 1264 1269
3 1264 230 1268
3 1268 255 1269
3 1264 1268 1269
3 231 1200 1270
3 1200 232 1271
3 1271 256 1270
3 1200 1271 1270
3 231 1270 1267
3 1270 256 1272
3 1272 255 1267
3 1270 1272 1267
3 232 1203 1273
3 1203 233 1274
3 1274 257 1273
3 1203 1274 1273
3 232 1273 1271
3 1273 257 1275
3 1275 256 1271
3 1273 1275 1271
3 233 1206 1276
3 1206 234 1277
3 1277 258 1276
3 1206 1277 1276
3 233 1276 1274
3 1276 258 1278
3 1278 257 1274
3 1276 1278 1274
3 234 1209 1279
3 1209 235 1280
3 1280 259 1279
3 1209 1280 1279
3 234 1279 1277
3 1279 259 1281
3 1281 258 1277
3 1279 1281 1277
3 235 1212 1282
3 1212 236 1283
3 1283 260 1282
3 1212 1283 1282
3 235 1282 1280
3 1282 260 1284
3 1284 259 1280
3 1282 1284 1280
3 236 1215 1285
3 1215 237 1286
3 1286 261 1285
3 1215 1286 1285
3 236 1285 1283
3 1285 261 1287
3 1287 260 1283
3 1285 1287 1283
3 262 1289 1288
3 1289 237 1218
3 1218 238 1288
3 1289 1218 1288
3 262 1290 1289
3 1290 261 1286
3 1286 237 1289
3 1290 1286 1289
3 239 1291 1221
3 1291 263 1292
3 1292 238 1221
3 1291 1292 1221
3 262 1288 1293
3 1288 238 1292
3 1292 263 1293
3 1288 1292 1293
3 239 1223 1294
3 1223 408 1802
3 1802 432 1294
3 1223 1802 1294
3 239 1294 1291
3 1294 432 1295
3 1295 263 1291
3 1294 1295 1291
3 240 1227 1296
3 1227 241 1297
3 1297 265 1296
3 1227 1297 1296
3 240 1296 1298
3 1296 265 1299
3 1299 264 1298
3 1296 1299 1298
3 241 1230 1300
3 1230 242 1301
3 1301 266 1300
3 1230 1301 1300
3 241 1300 1297
3 1300 266 1302
3 1302 265 1297
3 1300 1302 1297
3 242 1233 1303
3 1233 243 1304
3 1304 267 1303
3 1233 1304 1303
3 242 1303 1301
3 1303 267 1305
3 1305 266 1301
3 1303 1305 1301
3 243 1236 1306
3 1236 244 1307
3 1307 268 1306
3 1236 1307 1306
3 243 1306 1304
3 1306 268 1308
3 1308 267 1304
3 1306 1308 1304
3 269 1310 1309
3 1310 244 1239
3 1239 245 1309
3 1310 1239 1309
3 269 1311 1310
3 1311 268 1307
3 1307 244 1310
3 1311 1307 1310
3 246 1312 1242
3 1312 270 1313
3 1313 245 1242
3 1312 1313 1242
3 269 1309 1314
3 1309 245 1313
3 1313 270 1314
3 1309 1313 1314
3 246 1245 1315
3 1245 247 1316
3 1316 271 1315
3 1245 1316 1315
3 246 1315 1312
3 1315 271 1317
3 1317 270 1312
3 1315 1317 1312
3 247 1248 1318
3 1248 248 1319
3 1319 272 1318
3 1248 1319 1318
3 247 1318 1316
3 1318 272 1320
3 1320 271 1316
3 1318 1320 1316
3 248 1251 1321
3 1251 249 1322
3 1322 273 1321
3 1251 1322 1321
3 248 1321 1319
3 1321 273 1323
3 1323 272 1319
3 1321 1323 1319
3 249 1254 1324
3 1254 250 1325
3 1325 274 1324
3 1254 1325 1324
3 249 1324 1322
3 1324 274 1326
3 1326 273 1322
3 1324 1326 1322
3 250 1257 1327
3 1257 251 1328
3 1328 275 1327
3 1257 1328 1327
3 250 1327 1325
3 1327 275 1329
3 1329 274 1325
3 1327 1329 1325
3 251 1260 1330
3 1260 252 1331
3 1331 276 1330
3 1260 1331 1330
3 251 1330 1328
3 1330 276 1332
3 1332 275 1328
3 1330 1332 1328
3 277 1334 1333
3 1334 252 1263
3 1263 253 1333
3 1334 1263 1333
3 277 1335 1334
3 1335 276 1331
3 1331 252 1334
3 1335 1331 1334
3 254 1336 1266
3 1336 278 1337
3 1337 253 1266
3 1336 1337 1266
3 277 1333 1338
3 1333 253 1337
3 1337 278 1338
3 1333 1337 1338
3 254 1269 1339
3 1269 255 1340
3 1340 279 1339
3 1269 1340 1339
3 254 1339 1336
3 1339 279 1341
3 1341 278 1336
3 1339 1341 1336
3 255 1272 1342
3 1272 256 1343
3 1343 280 1342
3 1272 1343 1342
3 255 1342 1340
3 1342 280 1344
3 1344 279 1340
3 1342 1344 1340
3 256 1275 1345
3 1275 257 1346
3 1346 281 1345
3 1275 1346 1345
3 256 1345 1343
3 1345 281 1347
3 1347 280 1343
3 1345 1347 1343
3 257 1278 1348
3 1278 258 1349
3 1349 282 1348
3 1278 1349 1348
3 257 1348 1346
3 1348 282 1350
3 1350 281 1346
3 1348 1350 1346
3 258 1281 1351
3 1281 259 1352
3 1352 283 1351
3 1281 1352 1351
3 258 1351 1349
3 1351 283 1353
3 1353 282 1349
3 1351 1353 1349
3 259 1284 1354
3 1284 260 1355
3 1355 284 1354
3 1284 1355 1354
3 259 1354 1352
3 1354 284 1356
3 1356 283 1352
3 1354 1356 1352
3 285 1358 1357
3 1358 260 1287
3 1287 261 1357
3 1358 1287 1357
3 285 1359 1358
3 1359 284 1355
3 1355 260 1358
3 1359 1355 1358
3 262 1360 1290
3 1360 286 1361
3 1361 261 1290
3 1360 1361 1290
3 285 1357 1362
3 1357 261 1361
3 1361 286 1362
3 1357 1361 1362
3 262 1293 1363
3 1293 263 1364
3 1364 287 1363
3 1293 1364 1363
3 262 1363 1360
3 1363 287 1365
3 1365 286 1360
3 1363 1365 1360
3 263 1295 1366
3 1295 432 1874
3 1874 456 1366
3 1295 1874 1366
3 263 1366 1364
3 1366 456 1367
3 1367 287 1364
3 1366 1367 1364
3 264 1299 1368
3 1299 265 1369
3 1369 289 1368
3 1299 1369 1368
3 264 1368 1370
3 1368 289 1371
3 1371 288 1370
3 1368 1371 1370
3 265 1302 1372
3 1302 266 1373
3 1373 290 1372
3 1302 1373 1372
3 265 1372 1369
3 1372 290 1374
3 1374 289 1369
3 1372 1374 1369
3 266 1305 1375
3 1305 267 1376
3 1376 291 1375
3 1305 1376 1375
3 266 1375 1373
3 1375 291 1377
3 1377 290 1373
3 1375 1377 1373
3 292 1379 1378
3 1379 267 1308
3 1308 268 1378
3 1379 1308 1378
3 292 1380 1379
3 1380 291 1376
3 1376 267 1379
3 1380 1376 1379
3 269 1381 1311
3 1381 293 1382
3 1382 268 1311
3 1381 1382 1311
3 292 1378 1383
3 1378 268 1382
3 1382 293 1383
3 1378 1382 1383
3 269 1314 1384
3 1314 270 1385
3 1385 294 1384
3 1314 1385 1384
3 269 1384 1381
3 1384 294 1386
3 1386 293 1381
3 1384 1386 1381
3 270 1317 1387
3 1317 271 1388
3 1388 295 1387
3 1317 1388 1387
3 270 1387 1385
3 1387 295 1389
3 1389 294 1385
3 1387 1389 1385
3 271 1320 1390
3 1320 272 1391
3 1391 296 1390
3 1320 1391 1390
3 271 1390 1388
3 1390 296 1392
3 1392 295 1388
3 1390 1392 1388
3 272 1323 1393
3 1323 273 1394
3 1394 297 1393
3 1323 1394 1393
3 272 1393 1391
3 1393 297 1395
3 1395 296 1391
3 1393 1395 1391
3 273 1326 1396
3 1326 274 1397
3 1397 298 1396
3 1326 1397 1396
3 273 1396 1394
3 1396 298 1398
3 1398 297 1394
3 1396 1398 1394
3 274 1329 1399
3 1329 275 1400
3 1400 299 1399
3 1329 1400 1399
3 274 1399 1397
3 1399 299 1401
3 1401 298 1397
3 1399 1401 1397
3 300 1403 1402
3 1403 275 1332
3 1332 276 1402
3 1403 1332 1402
3 300 1404 1403
3 1404 299 1400
3 1400 275 1403
3 1404 1400 1403
3 277 1405 1335
3 1405 301 1406
3 1406 276 1335
3 1405 1406 1335
3 300 1402 1407
3 1402 276 1406
3 1406 301 1407
3 1402 1406 1407
3 277 1338 1408
3 1338 278 1409
3 1409 302 1408
3 1338 1409 1408
3 277 1408 1405
3 1408 302 1410
3 1410 301 1405
3 1408 1410 1405
3 278 1341 1411
3 1341 279 1412
3 1412 303 1411
3 1341 1412 1411
3 278 1411 1409
3 1411 303 1413
3 1413 302 1409
3 1411 1413 1409
3 279 1344 1414
3 1344 280 1415
3 1415 304 1414
3 1344 1415 1414
3 279 1414 1412
3 1414 304 1416
3 1416 303 1412
3 1414 1416 1412
3 280 1347 1417
3 1347 281 1418
3 1418 305 1417
3 1347 1418 1417
3 280 1417 1415
3 1417 305 1419
3 1419 304 1415
3 1417 1419 1415
3 281 1350 1420
3 1350 282 1421
3 1421 306 1420
3 1350 1421 1420
3 281 1420 1418
3 1420 306 1422
3 1422 305 1418
3 1420 1422 1418
3 282 1353 1423
3 1353 283 1424
3 1424 307 1423
3 1353 1424 1423
3 282 1423 1421
3 1423 307 1425
3 1425 306 1421
3 1423 1425 1421
3 308 1427 1426
3 1427 283 1356
3 1356 284 1426
3 1427 1356 1426
3 308 1428 1427
3 1428 307 1424
3 1424 283 1427
3 1428 1424 1427
3 285 1429 1359
3 1429 309 1430
3 1430 284 1359
3 1429 1430 1359
3 308 1426 1431
3 1426 284 1430
3 1430 309 1431
3 1426 1430 1431
3 285 1362 1432
3 1362 286 1433
3 1433 310 1432
3 1362 1433 1432
3 285 1432 1429
3 1432 310 1434
3 1434 309 1429
3 1432 1434 1429
3 286 1365 1435
3 1365 287 1436
3 1436 311 1435
3 1365 1436 1435
3 286 1435 1433
3 1435 311 1437
3 1437 310 1433
3 1435 1437 1433
3 287 1367 1438
3 1367 456 483
3 483 0 1438
3 1367 483 1438
3 287 1438 1436
3 1438 0 1439
3 1439 311 1436
3 1438 1439 1436
3 288 1371 1440
3 1371 289 1441
3 1441 313 1440
3 1371 1441 1440
3 288 1440 1442
3 1440 313 1443
3 1443 312 1442
3 1440 1443 1442
3 289 1374 1444
3 1374 290 1445
3 1445 314 1444
3 1374 1445 1444
3 289 1444 1441
3 1444 314 1446
3 1446 313 1441
3 1444 1446 1441
3 315 1448 1447
3 1448 290 1377
3 1377 291 1447
3 1448 1377 1447
3 315 1449 1448
3 1449 314 1445
3 1445 290 1448
3 1449 1445 1448
3 292 1450 1380
3 1450 316 1451
3 1451 291 1380
3 1450 1451 1380
3 315 1447 1452
3 1447 291 1451
3 1451 316 1452
3 1447 1451 1452
3 292 1383 1453
3 1383 293 1454
3 1454 317 1453
3 1383 1454 1453
3 292 1453 1450
3 1453 317 1455
3 1455 316 1450
3 1453 1455 1450
3 293 1386 1456
3 1386 294 1457
3 1457 318 1456
3 1386 1457 1456
3 293 1456 1454
3 1456 318 1458
3 1458 317 1454
3 1456 1458 1454
3 294 1389 1459
3 1389 295 1460
3 1460 319 1459
3 1389 1460 1459
3 294 1459 1457
3 1459 319 1461
3 1461 318 1457
3 1459 1461 1457
3 295 1392 1462
3 1392 296 1463
3 1463 320 1462
3 1392 1463 1462
3 295 1462 1460
3 1462 320 1464
3 1464 319 1460
3 1462 1464 1460
3 296 1395 1465
3 1395 297 1466
3 1466 321 1465
3 1395 1466 1465
3 296 1465 1463
3 1465 321 1467
3 1467 320 1463
3 1465 1467 1463
3 297 1398 1468
3 1398 298 1469
3 1469 322 1468
3 1398 1469 1468
3 297 1468 1466
3 1468 322 1470
3 1470 321 1466
3 1468 1470 1466
3 323 1472 1471
3 1472 298 1401
3 1401 299 1471
3 1472 1401 1471
3 323 1473 1472
3 1473 322 1469
3 1469 298 1472
3 1473 1469 1472
3 300 1474 1404
3 1474 324 1475
3 1475 299 1404
3 1474 1475 1404
3 323 1471 1476
3 1471 299 1475
3 1475 324 1476
3 1471 1475 1476
3 300 1407 1477
3 1407 301 1478
3 1478 325 1477
3 1407 1478 1477
3 300 1477 1474
3 1477 325 1479
3 1479 324 1474
3 1477 1479 1474
3 301 1410 1480
3 1410 302 1481
3 1481 326 1480
3 1410 1481 1480
3 301 1480 1478
3 1480 326 1482
3 1482 325 1478
3 1480 1482 1478
3 302 1413 1483
3 1413 303 1484
3 1484 327 1483
3 1413 1484 1483
3 302 1483 1481
3 1483 327 1485
3 1485 326 1481
3 1483 1485 1481
3 303 1416 1486
3 1416 304 1487
3 1487 328 1486
3 1416 1487 1486
3 303 1486 1484
3 1486 328 1488
3 1488 327 1484
3 1486 1488 1484
3 304 1419 1489
3 1419 305 1490
3 1490 329 1489
3 1419 1490 1489
3 304 1489 1487
3 1489 329 1491
3 1491 328 1487
3 1489 1491 1487
3 305 1422 1492
3 1422 306 1493
3 1493 330 1492
3 1422 1493 1492
3 305 1492 1490
3 1492 330 1494
3 1494 329 1490
3 1492 1494 1490
3 331 1496 1495
3 1496 306 1425
3 1425 307 1495
3 1496 1425 1495
3 331 1497 1496
3 1497 330 1493
3 1493 306 1496
3 1497 1493 1496
3 308 1498 1428
3 1498 332 1499
3 1499 307 1428
3 1498 1499 1428
3 331 1495 1500
3 1495 307 1499
3 1499 332 1500
3 1495 1499 1500
3 308 1431 1501
3 1431 309 1502
3 1502 333 1501
3 1431 1502 1501
3 308 1501 1498
3 1501 333 1503
3 1503 332 1498
3 1501 1503 1498
3 309 1434 1504
3 1434 310 1505
3 1505 334 1504
3 1434 1505 1504
3 309 1504 1502
3 1504 334 1506
3 1506 333 1502
3 1504 1506 1502
3 310 1437 1507
3 1437 311 1508
3 1508 335 1507
3 1437 1508 1507
3 310 1507 1505
3 1507 335 1509
3 1509 334 1505
3 1507 1509 1505
3 311 1439 1510
3 1439 0 485
3 485 24 1510
3 1439 485 1510
3 311 1510 1508
3 1510 24 1511
3 1511 335 1508
3 1510 1511 1508
3 312 1443 1512
3 1443 313 1513
3 1513 337 1512
3 1443 1513 1512
3 312 1512 1514
3 1512 337 1515
3 1515 336 1514
3 1512 1515 1514
3 338 1517 1516
3 1517 313 1446
3 1446 314 1516
3 1517 1446 1516
3 338 1518 1517
3 1518 337 1513
3 1513 313 1517
3 1518 1513 1517
3 315 1519 1449
3 1519 339 1520
3 1520 314 1449
3 1519 1520 1449
3 338 1516 1521
3 1516 314 1520
3 1520 339 1521
3 1516 1520 1521
3 315 1452 1522
3 1452 316 1523
3 1523 340 1522
3 1452 1523 1522
3 315 1522 1519
3 1522 340 1524
3 1524 339 1519
3 1522 1524 1519
3 316 1455 1525
3 1455 317 1526
3 1526 341 1525
3 1455 1526 1525
3 316 1525 1523
3 1525 341 1527
3 1527 340 1523
3 1525 1527 1523
3 317 1458 1528
3 1458 318 1529
3 1529 342 1528
3 1458 1529 1528
3 317 1528 1526
3 1528 342 1530
3 1530 341 1526
3 1528 1530 1526
3 318 1461 1531
3 1461 319 1532
3 1532 343 1531
3 1461 1532 1531
3 318 1531 1529
3 1531 343 1533
3 1533 342 1529
3 1531 1533 1529
3 319 1464 1534
3 1464 320 1535
3 1535 344 1534
3 1464 1535 1534
3 319 1534 1532
3 1534 344 1536
3 1536 343 1532
3 1534 1536 1532
3 320 1467 1537
3 1467 321 1538
3 1538 345 1537
3 1467 1538 1537
3 320 1537 1535
3 1537 345 1539
3 1539 344 1535
3 1537 1539 1535
3 346 1541 1540
3 1541 321 1470
3 1470 322 1540
3 1541 1470 1540
3 346 1542 1541
3 1542 345 1538
3 1538 321 1541
3 1542 1538 1541
3 323 1543 1473
3 1543 347 1544
3 1544 322 1473
3 1543 1544 1473
3 346 1540 1545
3 1540 322 1544
3 1544 347 1545
3 1540 1544 1545
3 323 1476 1546
3 1476 324 1547
3 1547 348 1546
3 1476 1547 1546
3 323 1546 1543
3 1546 348 1548
3 1548 347 1543
3 1546 1548 1543
3 324 1479 1549
3 1479 325 1550
3 1550 349 1549
3 1479 1550 1549
3 324 1549 1547
3 1549 349 1551
3 1551 348 1547
3 1549 1551 1547
3 325 1482 1552
3 1482 326 1553
3 1553 350 1552
3 1482 1553 1552
3 325 1552 1550
3 1552 350 1554
3 1554 349 1550
3 1552 1554 1550
3 326 1485 1555
3 1485 327 1556
3 1556 351 1555
3 1485 1556 1555
3 326 1555 1553
3 1555 351 1557
3 1557 350 1553
3 1555 1557 1553
3 327 1488 1558
3 1488 328 1559
3 1559 352 1558
3 1488 1559 1558
3 327 1558 1556
3 1558 352 1560
3 1560 351 1556
3 1558 1560 1556
3 328 1491 1561
3 1491 329 1562
3 1562 353 1561
3 1491 1562 1561
3 328 1561 1559
3 1561 353 1563
3 1563 352 1559
3 1561 1563 1559
3 354 1565 1564
3 1565 329 1494
3 1494 330 1564
3 1565 1494 1564
3 354 1566 1565
3 1566 353 1562
3 1562 329 1565
3 1566 1562 1565
3 331 1567 1497
3 1567 355 1568
3 1568 330 1497
3 1567 1568 1497
3 354 1564 1569
3 1564 330 1568
3 1568 355 1569
3 1564 1568 1569
3 331 1500 1570
3 1500 332 1571
3 1571 356 1570
3 1500 1571 1570
3 331 1570 1567
3 1570 356 1572
3 1572 355 1567
3 1570 1572 1567
3 332 1503 1573
3 1503 333 1574
3 1574 357 1573
3 1503 1574 1573
3 332 1573 1571
3 1573 357 1575
3 1575 356 1571
3 1573 1575 1571
3 333 1506 1576
3 1506 334 1577
3 1577 358 1576
3 1506 1577 1576
3 333 1576 1574
3 1576 358 1578
3 1578 357 1574
3 1576 1578 1574
3 334 1509 1579
3 1509 335 1580
3 1580 359 1579
3 1509 1580 1579
3 334 1579 1577
3 1579 359 1581
3 1581 358 1577
3 1579 1581 1577
3 335 1511 1582
3 1511 24 650
3 650 48 1582
3 1511 650 1582
3 335 1582 1580
3 1582 48 1583
3 1583 359 1580
3 1582 1583 1580
3 361 1585 1584
3 1585 336 1515
3 1515 337 1584
3 1585 1515 1584
3 361 1586 1585
3 1586 360 1587
3 1587 336 1585
3 1586 1587 1585
3 338 1588 1518
3 1588 362 1589
3 1589 337 1518
3 1588 1589 1518
3 361 1584 1590
3 1584 337 1589
3 1589 362 1590
3 1584 1589 1590
3 338 1521 1591
3 1521 339 1592
3 1592 363 1591
3 1521 1592 1591
3 338 1591 1588
3 1591 363 1593
3 1593 362 1588
3 1591 1593 1588
3 339 1524 1594
3 1524 340 1595
3 1595 364 1594
3 1524 1595 1594
3 339 1594 1592
3 1594 364 1596
3 1596 363 1592
3 1594 1596 1592
3 340 1527 1597
3 1527 341 1598
3 1598 365 1597
3 1527 1598 1597
3 340 1597 1595
3 1597 365 1599
3 1599 364 1595
3 1597 1599 1595
3 341 1530 1600
3 1530 342 1601
3 1601 366 1600
3 1530 1601 1600
3 341 1600 1598
3 1600 366 1602
3 1602 365 1598
3 1600 1602 1598
3 342 1533 1603
3 1533 343 1604
3 1604 367 1603
3 1533 1604 1603
3 342 1603 1601
3 1603 367 1605
3 1605 366 1601
3 1603 1605 1601
3 343 1536 1606
3 1536 344 1607
3 1607 368 1606
3 1536 1607 1606
3 343 1606 1604
3 1606 368 1608
3 1608 367 1604
3 1606 1608 1604
3 369 1610 1609
3 1610 344 1539
3 1539 345 1609
3 1610 1539 1609
3 369 1611 1610
3 1611 368 1607
3 1607 344 1610
3 1611 1607 1610
3 346 1612 1542
3 1612 370 1613
3 1613 345 1542
3 1612 1613 1542
3 369 1609 1614
3 1609 345 1613
3 1613 370 1614
3 1609 1613 1614
3 346 1545 1615
3 1545 347 1616
3 1616 371 1615
3 1545 1616 1615
3 346 1615 1612
3 1615 371 1617
3 1617 370 1612
3 1615 1617 1612
3 347 1548 1618
3 1548 348 1619
3 1619 372 1618
3 1548 1619 1618
3 347 1618 1616
3 1618 372 1620
3 1620 371 1616
3 1618 1620 1616
3 348 1551 1621
3 1551 349 1622
3 1622 373 1621
3 1551 1622 1621
3 348 1621 1619
3 1621 373 1623
3 1623 372 1619
3 1621 1623 1619
3 349 1554 1624
3 1554 350 1625
3 1625 374 1624
3 1554 1625 1624
3 349 1624 1622
3 1624 374 1626
3 1626 373 1622
3 1624 1626 1622
3 350 1557 1627
3 1557 351 1628
3 1628 375 1627
3 1557 1628 1627
3 350 1627 1625
3 1627 375 1629
3 1629 374 1625
3 1627 1629 1625
3 351 1560 1630
3 1560 352 1631
3 1631 376 1630
3 1560 1631 1630
3 351 1630 1628
3 1630 376 1632
3 1632 375 1628
3 1630 1632 1628
3 377 1634 1633
3 1634 352 1563
3 1563 353 1633
3 1634 1563 1633
3 377 1635 1634
3 1635 376 1631
3 1631 352 1634
3 1635 1631 1634
3 354 1636 1566
3 1636 378 1637
3 1637 353 1566
3 1636 1637 1566
3 377 1633 1638
3 1633 353 1637
3 1637 378 1638
3 1633 1637 1638
3 354 1569 1639
3 1569 355 1640
3 1640 379 1639
3 1569 1640 1639
3 354 1639 1636
3 1639 379 1641
3 1641 378 1636
3 1639 1641 1636
3 355 1572 1642
3 1572 356 1643
3 1643 380 1642
3 1572 1643 1642
3 355 1642 1640
3 1642 380 1644
3 1644 379 1640
3 1642 1644 1640
3 356 1575 1645
3 1575 357 1646
3 1646 381 1645
3 1575 1646 1645
3 356 1645 1643
3 1645 381 1647
3 1647 380 1643
3 1645 1647 1643
3 357 1578 1648
3 1578 358 1649
3 1649 382 1648
3 1578 1649 1648
3 357 1648 1646
3 1648 382 1650
3 1650 381 1646
3 1648 1650 1646
3 358 1581 1651
3 1581 359 1652
3 1652 383 1651
3 1581 1652 1651
3 358 1651 1649
3 1651 383 1653
3 1653 382 1649
3 1651 1653 1649
3 359 1583 1654
3 1583 48 722
3 722 72 1654
3 1583 722 1654
3 359 1654 1652
3 1654 72 1655
3 1655 383 1652
3 1654 1655 1652
3 361 1656 1586
3 1656 385 1657
3 1657 360 1586
3 1656 1657 1586
3 384 1659 1658
3 1659 360 1657
3 1657 385 1658
3 1659 1657 1658
3 361 1590 1660
3 1590 362 1661
3 1661 386 1660
3 1590 1661 1660
3 361 1660 1656
3 1660 386 1662
3 1662 385 1656
3 1660 1662 1656
3 362 1593 1663
3 1593 363 1664
3 1664 387 1663
3 1593 1664 1663
3 362 1663 1661
3 1663 387 1665
3 1665 386 1661
3 1663 1665 1661
3 363 1596 1666
3 1596 364 1667
3 1667 388 1666
3 1596 1667 1666
3 363 1666 1664
3 1666 388 1668
3 1668 387 1664
3 1666 1668 1664
3 364 1599 1669
3 1599 365 1670
3 1670 389 1669
3 1599 1670 1669
3 364 1669 1667
3 1669 389 1671
3 1671 388 1667
3 1669 1671 1667
3 365 1602 1672
3 1602 366 1673
3 1673 390 1672
3 1602 1673 1672
3 365 1672 1670
3 1672 390 1674
3 1674 389 1670
3 1672 1674 1670
3 366 1605 1675
3 1605 367 1676
3 1676 391 1675
3 1605 1676 1675
3 366 1675 1673
3 1675 391 1677
3 1677 390 1673
3 1675 1677 1673
3 392 1679 1678
3 1679 367 1608
3 1608 368 1678
3 1679 1608 1678
3 392 1680 1679
3 1680 391 1676
3 1676 367 1679
3 1680 1676 1679
3 369 1681 1611
3 1681 393 1682
3 1682 368 1611
3 1681 1682 1611
3 392 1678 1683
3 1678 368 1682
3 1682 393 1683
3 1678 1682 1683
3 369 1614 1684
3 1614 370 1685
3 1685 394 1684
3 1614 1685 1684
3 369 1684 1681
3 1684 394 1686
3 1686 393 1681
3 1684 1686 1681
3 370 1617 1687
3 1617 371 1688
3 1688 395 1687
3 1617 1688 1687
3 370 1687 1685
3 1687 395 1689
3 1689 394 1685
3 1687 1689 1685
3 371 1620 1690
3 1620 372 1691
3 1691 396 1690
3 1620 1691 1690
3 371 1690 1688
3 1690 396 1692
3 1692 395 1688
3 1690 1692 1688
3 372 1623 1693
3 1623 373 1694
3 1694 397 1693
3 1623 1694 1693
3 372 1693 1691
3 1693 397 1695
3 1695 396 1691
3 1693 1695 1691
3 373 1626 1696
3 1626 374 1697
3 1697 398 1696
3 1626 1697 1696
3 373 1696 1694
3 1696 398 1698
3 1698 397 1694
3 1696 1698 1694
3 374 1629 1699
3 1629 375 1700
3 1700 399 1699
3 1629 1700 1699
3 374 1699 1697
3 1699 399 1701
3 1701 398 1697
3 1699 1701 1697
3 400 1703 1702
3 1703 375 1632
3 1632 376 1702
3 1703 1632 1702
3 400 1704 1703
3 1704 399 1700
3 1700 375 1703
3 1704 1700 1703
3 377 1705 1635
3 1705 401 1706
3 1706 376 1635
3 1705 1706 1635
3 400 1702 1707
3 1702 376 1706
3 1706 401 1707
3 1702 1706 1707
3 377 1638 1708
3 1638 378 1709
3 1709 402 1708
3 1638 1709 1708
3 377 1708 1705
3 1708 402 1710
3 1710 401 1705
3 1708 1710 1705
3 378 1641 1711
3 1641 379 1712
3 1712 403 1711
3 1641 1712 1711
3 378 1711 1709
3 1711 403 1713
3 1713 402 1709
3 1711 1713 1709
3 379 1644 1714
3 1644 380 1715
3 1715 404 1714
3 1644 1715 1714
3 379 1714 1712
3 1714 404 1716
3 1716 403 1712
3 1714 1716 1712
3 380 1647 1717
3 1647 381 1718
3 1718 405 1717
3 1647 1718 1717
3 380 1717 1715
3 1717 405 1719
3 1719 404 1715
3 1717 1719 1715
3 381 1650 1720
3 1650 382 1721
3 1721 406 1720
3 1650 1721 1720
3 381 1720 1718
3 1720 406 1722
3 1722 405 1718
3 1720 1722 1718
3 382 1653 1723
3 1653 383 1724
3 1724 407 1723
3 1653 1724 1723
3 382 1723 1721
3 1723 407 1725
3 1725 406 1721
3 1723 1725 1721
3 96 1726 794
3 1726 383 1655
3 1655 72 794
3 1726 1655 794
3 96 1727 1726
3 1727 407 1724
3 1724 383 1726
3 1727 1724 1726
3 384 1658 1728
3 1658 385 1729
3 1729 409 1728
3 1658 1729 1728
3 384 1728 1730
3 1728 409 1731
3 1731 408 1730
3 1728 1731 1730
3 385 1662 1732
3 1662 386 1733
3 1733 410 1732
3 1662 1733 1732
3 385 1732 1729
3 1732 410 1734
3 1734 409 1729
3 1732 1734 1729
3 386 1665 1735
3 1665 387 1736
3 1736 411 1735
3 1665 1736 1735
3 386 1735 1733
3 1735 411 1737
3 1737 410 1733
3 1735 1737 1733
3 387 1668 1738
3 1668 388 1739
3 1739 412 1738
3 1668 1739 1738
3 387 1738 1736
3 1738 412 1740
3 1740 411 1736
3 1738 1740 1736
3 388 1671 1741
3 1671 389 1742
3 1742 413 1741
3 1671 1742 1741
3 388 1741 1739
3 1741 413 1743
3 1743 412 1739
3 1741 1743 1739
3 389 1674 1744
3 1674 390 1745
3 1745 414 1744
3 1674 1745 1744
3 389 1744 1742
3 1744 414 1746
3 1746 413 1742
3 1744 1746 1742
3 415 1748 1747
3 1748 390 1677
3 1677 391 1747
3 1748 1677 1747
3 415 1749 1748
3 1749 414 1745
3 1745 390 1748
3 1749 1745 1748
3 392 1750 1680
3 1750 416 1751
3 1751 391 1680
3 1750 1751 1680
3 415 1747 1752
3 1747 391 1751
3 1751 416 1752
3 1747 1751 1752
3 392 1683 1753
3 1683 393 1754
3 1754 417 1753
3 1683 1754 1753
3 392 1753 1750
3 1753 417 1755
3 1755 416 1750
3 1753 1755 1750
3 393 1686 1756
3 1686 394 1757
3 1757 418 1756
3 1686 1757 1756
3 393 1756 1754
3 1756 418 1758
3 1758 417 1754
3 1756 1758 1754
3 394 1689 1759
3 1689 395 1760
3 1760 419 1759
3 1689 1760 1759
3 394 1759 1757
3 1759 419 1761
3 1761 418 1757
3 1759 1761 1757
3 395 1692 1762
3 1692 396 1763
3 1763 420 1762
3 1692 1763 1762
3 395 1762 1760
3 1762 420 1764
3 1764 419 1760
3 1762 1764 1760
3 396 1695 1765
3 1695 397 1766
3 1766 421 1765
3 1695 1766 1765
3 396 1765 1763
3 1765 421 1767
3 1767 420 1763
3 1765 1767 1763
3 397 1698 1768
3 1698 398 1769
3 1769 422 1768
3 1698 1769 1768
3 397 1768 1766
3 1768 422 1770
3 1770 421 1766
3 1768 1770 1766
3 423 1772 1771
3 1772 398 1701
3 1701 399 1771
3 1772 1701 1771
3 423 1773 1772
3 1773 422 1769
3 1769 398 1772
3 1773 1769 1772
3 400 1774 1704
3 1774 424 1775
3 1775 399 1704
3 1774 1775 1704
3 423 1771 1776
3 1771 399 1775
3 1775 424 1776
3 1771 1775 1776
3 400 1707 1777
3 1707 401 1778
3 1778 425 1777
3 1707 1778 1777
3 400 1777 1774
3 1777 425 1779
3 1779 424 1774
3 1777 1779 1774
3 401 1710 1780
3 1710 402 1781
3 1781 426 1780
3 1710 1781 1780
3 401 1780 1778
3 1780 426 1782
3 1782 425 1778
3 1780 1782 1778
3 402 1713 1783
3 1713 403 1784
3 1784 427 1783
3 1713 1784 1783
3 402 1783 1781
3 1783 427 1785
3 1785 426 1781
3 1783 1785 1781
3 403 1716 1786
3 1716 404 1787
3 1787 428 1786
3 1716 1787 1786
3 403 1786 1784
3 1786 428 1788
3 1788 427 1784
3 1786 1788 1784
3 404 1719 1789
3 1719 405 1790
3 1790 429 1789
3 1719 1790 1789
3 404 1789 1787
3 1789 429 1791
3 1791 428 1787
3 1789 1791 1787
3 405 1722 1792
3 1722 406 1793
3 1793 430 1792
3 1722 1793 1792
3 405 1792 1790
3 1792 430 1794
3 1794 429 1790
3 1792 1794 1790
3 431 1796 1795
3 1796 406 1725
3 1725 407 1795
3 1796 1725 1795
3 431 1797 1796
3 1797 430 1793
3 1793 406 1796
3 1797 1793 1796
3 96 866 1727
3 866 120 1798
3 1798 407 1727
3 866 1798 1727
3 431 1795 1799
3 1795 407 1798
3 1798 120 1799
3 1795 1798 1799
3 408 1731 1800
3 1731 409 1801
3 1801 433 1800
3 1731 1801 1800
3 408 1800 1802
3 1800 433 1803
3 1803 432 1802
3 1800 1803 1802
3 409 1734 1804
3 1734 410 1805
3 1805 434 1804
3 1734 1805 1804
3 409 1804 1801
3 1804 434 1806
3 1806 433 1801
3 1804 1806 1801
3 410 1737 1807
3 1737 411 1808
3 1808 435 1807
3 1737 1808 1807
3 410 1807 1805
3 1807 435 1809
3 1809 434 1805
3 1807 1809 1805
3 411 1740 1810
3 1740 412 1811
3 1811 436 1810
3 1740 1811 1810
3 411 1810 1808
3 1810 436 1812
3 1812 435 1808
3 1810 1812 1808
3 412 1743 1813
3 1743 413 1814
3 1814 437 1813
3 1743 1814 1813
3 412 1813 1811
3 1813 437 1815
3 1815 436 1811
3 1813 1815 1811
3 438 1817 1816
3 1817 413 1746
3 1746 414 1816
3 1817 1746 1816
3 438 1818 1817
3 1818 437 1814
3 1814 413 1817
3 1818 1814 1817
3 415 1819 1749
3 1819 439 1820
3 1820 414 1749
3 1819 1820 1749
3 438 1816 1821
3 1816 414 1820
3 1820 439 1821
3 1816 1820 1821
3 415 1752 1822
3 1752 416 1823
3 1823 440 1822
3 1752 1823 1822
3 415 1822 1819
3 1822 440 1824
3 1824 439 1819
3 1822 1824 1819
3 416 1755 1825
3 1755 417 1826
3 1826 441 1825
3 1755 1826 1825
3 416 1825 1823
3 1825 441 1827
3 1827 440 1823
3 1825 1827 1823
3 417 1758 1828
3 1758 418 1829
3 1829 442 1828
3 1758 1829 1828
3 417 1828 1826
3 1828 442 1830
3 1830 441 1826
3 1828 1830 1826
3 418 1761 1831
3 1761 419 1832
3 1832 443 1831
3 1761 1832 1831
3 418 1831 1829
3 1831 443 1833
3 1833 442 1829
3 1831 1833 1829
3 419 1764 1834
3 1764 420 1835
3 1835 444 1834
3 1764 1835 1834
3 419 1834 1832
3 1834 444 1836
3 1836 443 1832
3 1834 1836 1832
3 420 1767 1837
3 1767 421 1838
3 1838 445 1837
3 1767 1838 1837
3 420 1837 1835
3 1837 445 1839
3 1839 444 1835
3 1837 1839 1835
3 446 1841 1840
3 1841 421 1770
3 1770 422 1840
3 1841 1770 1840
3 446 1842 1841
3 1842 445 1838
3 1838 421 1841
3 1842 1838 1841
3 423 1843 1773
3 1843 447 1844
3 1844 422 1773
3 1843 1844 1773
3 446 1840 1845
3 1840 422 1844
3 1844 447 1845
3 1840 1844 1845
3 423 1776 1846
3 1776 424 1847
3 1847 448 1846
3 1776 1847 1846
3 423 1846 1843
3 1846 448 1848
3 1848 447 1843
3 1846 1848 1843
3 424 1779 1849
3 1779 425 1850
3 1850 449 1849
3 1779 1850 1849
3 424 1849 1847
3 1849 449 1851
3 1851 448 1847
3 1849 1851 1847
3 425 1782 1852
3 1782 426 1853
3 1853 450 1852
3 1782 1853 1852
3 425 1852 1850
3 1852 450 1854
3 1854 449 1850
3 1852 1854 1850
3 426 1785 1855
3 1785 427 1856
3 1856 451 1855
3 1785 1856 1855
3 426 1855 1853
3 1855 451 1857
3 1857 450 1853
3 1855 1857 1853
3 427 1788 1858
3 1788 428 1859
3 1859 452 1858
3 1788 1859 1858
3 427 1858 1856
3 1858 452 1860
3 1860 451 1856
3 1858 1860 1856
3 428 1791 1861
3 1791 429 1862
3 1862 453 1861
3 1791 1862 1861
3 428 1861 1859
3 1861 453 1863
3 1863 452 1859
3 1861 1863 1859
3 454 1865 1864
3 1865 429 1794
3 1794 430 1864
3 1865 1794 1864
3 454 1866 1865
3 1866 453 1862
3 1862 429 1865
3 1866 1862 1865
3 431 1867 1797
3 1867 455 1868
3 1868 430 1797
3 1867 1868 1797
3 454 1864 1869
3 1864 430 1868
3 1868 455 1869
3 1864 1868 1869
3 431 1799 1870
3 1799 120 938
3 938 144 1870
3 1799 938 1870
3 431 1870 1867
3 1870 144 1871
3 1871 455 1867
3 1870 1871 1867
3 432 1803 1872
3 1803 433 1873
3 1873 457 1872
3 1803 1873 1872
3 432 1872 1874
3 1872 457 493
3 493 456 1874
3 1872 493 1874
3 433 1806 1875
3 1806 434 1876
3 1876 458 1875
3 1806 1876 1875
3 433 1875 1873
3 1875 458 500
3 500 457 1873
3 1875 500 1873
3 434 1809 1877
3 1809 435 1878
3 1878 459 1877
3 1809 1878 1877
3 434 1877 1876
3 1877 459 507
3 507 458 1876
3 1877 507 1876
3 435 1812 1879
3 1812 436 1880
3 1880 460 1879
3 1812 1880 1879
3 435 1879 1878
3 1879 460 514
3 514 459 1878
3 1879 514 1878
3 461 1882 1881
3 1882 436 1815
3 1815 437 1881
3 1882 1815 1881
3 461 521 1882
3 521 460 1880
3 1880 436 1882
3 521 1880 1882
3 438 1883 1818
3 1883 462 1884
3 1884 437 1818
3 1883 1884 1818
3 461 1881 528
3 1881 437 1884
3 1884 462 528
3 1881 1884 528
3 438 1821 1885
3 1821 439 1886
3 1886 463 1885
3 1821 1886 1885
3 438 1885 1883
3 1885 463 535
3 535 462 1883
3 1885 535 1883
3 439 1824 1887
3 1824 440 1888
3 1888 464 1887
3 1824 1888 1887
3 439 1887 1886
3 1887 464 542
3 542 463 1886
3 1887 542 1886
3 440 1827 1889
3 1827 441 1890
3 1890 465 1889
3 1827 1890 1889
3 440 1889 1888
3 1889 465 549
3 549 464 1888
3 1889 549 1888
3 441 1830 1891
3 1830 442 1892
3 1892 466 1891
3 1830 1892 1891
3 441 1891 1890
3 1891 466 556
3 556 465 1890
3 1891 556 1890
3 442 1833 1893
3 1833 443 1894
3 1894 467 1893
3 1833 1894 1893
3 442 1893 1892
3 1893 467 563
3 563 466 1892
3 1893 563 1892
3 443 1836 1895
3 1836 444 1896
3 1896 468 1895
3 1836 1896 1895
3 443 1895 1894
3 1895 468 570
3 570 467 1894
3 1895 570 1894
3 469 1898 1897
3 1898 444 1839
3 1839 445 1897
3 1898 1839 1897
3 469 577 1898
3 577 468 1896
3 1896 444 1898
3 577 1896 1898
3 446 1899 1842
3 1899 470 1900
3 1900 445 1842
3 1899 1900 1842
3 469 1897 584
3 1897 445 1900
3 1900 470 584
3 1897 1900 584
3 446 1845 1901
3 1845 447 1902
3 1902 471 1901
3 1845 1902 1901
3 446 1901 1899
3 1901 471 591
3 591 470 1899
3 1901 591 1899
3 447 1848 1903
3 1848 448 1904
3 1904 472 1903
3 1848 1904 1903
3 447 1903 1902
3 1903 472 598
3 598 471 1902
3 1903 598 1902
3 448 1851 1905
3 1851 449 1906
3 1906 473 1905
3 1851 1906 1905
3 448 1905 1904
3 1905 473 605
3 605 472 1904
3 1905 605 1904
3 449 1854 1907
3 1854 450 1908
3 1908 474 1907
3 1854 1908 1907
3 449 1907 1906
3 1907 474 612
3 612 473 1906
3 1907 612 1906
3 450 1857 1909
3 1857 451 1910
3 1910 475 1909
3 1857 1910 1909
3 450 1909 1908
3 1909 475 619
3 619 474 1908
3 1909 619 1908
3 451 1860 1911
3 1860 452 1912
3 1912 476 1911
3 1860 1912 1911
3 451 1911 1910
3 1911 476 626
3 626 475 1910
3 1911 626 1910
3 477 1914 1913
3 1914 452 1863
3 1863 453 1913
3 1914 1863 1913
3 477 633 1914
3 633 476 1912
3 1912 452 1914
3 633 1912 1914
3 454 1915 1866
3 1915 478 1916
3 1916 453 1866
3 1915 1916 1866
3 477 1913 640
3 1913 453 1916
3 1916 478 640
3 1913 1916 640
3 454 1869 1917
3 1869 455 1918
3 1918 479 1917
3 1869 1918 1917
3 454 1917 1915
3 1917 479 646
3 646 478 1915
3 1917 646 1915
3 455 1871 1919
3 1871 144 1011
3 1011 168 1919
3 1871 1011 1919
3 455 1919 1918
3 1919 168 647
3 647 479 1918
3 1919 647 1918
