1920 3
0.987764 0.0 -3.14159
0.978606 0.154996 -2.86952
0.942311 0.306175 -2.59745
0.882813 0.449816 -2.32538
0.801577 0.58238 -2.05331
0.700604 0.700604 -1.78124
0.58238 0.801577 -1.50917
0.449816 0.882813 -1.2371
0.306175 0.942311 -0.965033
0.154996 0.978606 -0.692964
-2.39286e-16 0.990804 -0.420894
-0.154996 0.978606 -0.148824
-0.306175 0.942311 0.123246
-0.449816 0.882813 0.395316
-0.58238 0.801577 0.667386
-0.700604 0.700604 0.939456
-0.801577 0.58238 1.21153
-0.882813 0.449816 1.4836
-0.942311 0.306175 1.75567
-0.978606 0.154996 2.02774
-0.990804 7.65404e-17 2.29981
-0.978606 -0.154996 2.57188
-0.942311 -0.306175 2.84395
-0.882813 -0.449816 3.11602
0.93942 -0.305236 -3.14159
0.978606 -0.154996 -2.86952
0.990804 3.46945e-17 -2.59745
0.978606 0.154996 -2.32538
0.942311 0.306175 -2.05331
0.882813 0.449816 -1.78124
0.801577 0.58238 -1.50917
0.700604 0.700604 -1.2371
0.58238 0.801577 -0.965033
0.449816 0.882813 -0.692964
0.306175 0.942311 -0.420894
0.154996 0.978606 -0.148824
-1.00508e-16 0.990804 0.123246
-0.154996 0.978606 0.395316
-0.306175 0.942311 0.667386
-0.449816 0.882813 0.939456
-0.58238 0.801577 1.21153
-0.700604 0.700604 1.4836
-0.801577 0.58238 1.75567
-0.882813 0.449816 2.02774
-0.942311 0.306175 2.29981
-0.978606 0.154996 2.57188
-0.990804 -2.01015e-16 2.84395
-0.978606 -0.154996 3.11602
0.799118 -0.580593 -3.14159
0.882813 -0.449816 -2.86952
0.942311 -0.306175 -2.59745
0.978606 -0.154996 -2.32538
0.990804 6.93889e-17 -2.05331
0.978606 0.154996 -1.78124
0.942311 0.306175 -1.50917
0.882813 0.449816 -1.2371
0.801577 0.58238 -0.965033
0.700604 0.700604 -0.692964
0.58238 0.801577 -0.420894
0.449816 0.882813 -0.148824
0.306175 0.942311 0.123246
0.154996 0.978606 0.395316
3.82702e-17 0.990804 0.667386
-0.154996 0.978606 0.939456
-0.306175 0.942311 1.21153
-0.449816 0.882813 1.4836
-0.58238 0.801577 1.75567
-0.700604 0.700604 2.02774
-0.801577 0.58238 2.29981
-0.882813 0.449816 2.57188
-0.942311 0.306175 2.84395
-0.978606 0.154996 3.11602
0.580593 -0.799118 -3.14159
0.700604 -0.700604 -2.86952
0.801577 -0.58238 -2.59745
0.882813 -0.449816 -2.32538
0.942311 -0.306175 -2.05331
0.978606 -0.154996 -1.78124
0.990804 6.93889e-17 -1.50917
0.978606 0.154996 -1.2371
0.942311 0.306175 -0.965033
0.882813 0.449816 -0.692964
0.801577 0.58238 -0.420894
0.700604 0.700604 -0.148824
0.58238 0.801577 0.123246
0.449816 0.882813 0.395316
0.306175 0.942311 0.667386
0.154996 0.978606 0.939456
-2.39286e-16 0.990804 1.21153
-0.154996 0.978606 1.4836
-0.306175 0.942311 1.75567
-0.449816 0.882813 2.02774
-0.58238 0.801577 2.29981
-0.700604 0.700604 2.57188
-0.801577 0.58238 2.84395
-0.882813 0.449816 3.11602
0.305236 -0.93942 -3.14159
0.449816 -0.882813 -2.86952
0.58238 -0.801577 -2.59745
0.700604 -0.700604 -2.32538
0.801577 -0.58238 -2.05331
0.882813 -0.449816 -1.78124
0.942311 -0.306175 -1.50917
0.978606 -0.154996 -1.2371
0.990804 1.38778e-16 -0.965033
0.978606 0.154996 -0.692964
0.942311 0.306175 -0.420894
0.882813 0.449816 -0.148824
0.801577 0.58238 0.123246
0.700604 0.700604 0.395316
0.58238 0.801577 0.667386
0.449816 0.882813 0.939456
0.306175 0.942311 1.21153
0.154996 0.978606 1.4836
-2.39286e-16 0.990804 1.75567
-0.154996 0.978606 2.02774
-0.306175 0.942311 2.29981
-0.449816 0.882813 2.57188
-0.58238 0.801577 2.84395
-0.700604 0.700604 3.11602
4.59243e-17 -0.987764 -3.14159
0.154996 -0.978606 -2.86952
0.306175 -0.942311 -2.59745
0.449816 -0.882813 -2.32538
0.58238 -0.801577 -2.05331
0.700604 -0.700604 -1.78124
0.801577 -0.58238 -1.50917
0.882813 -0.449816 -1.2371
0.942311 -0.306175 -0.965033
0.978606 -0.154996 -0.692964
0.990804 2.77556e-16 -0.420894
0.978606 0.154996 -0.148824
0.942311 0.306175 0.123246
0.882813 0.449816 0.395316
0.801577 0.58238 0.667386
0.700604 0.700604 0.939456
0.58238 0.801577 1.21153
0.449816 0.882813 1.4836
0.306175 0.942311 1.75567
0.154996 0.978606 2.02774
3.82702e-17 0.990804 2.29981
-0.154996 0.978606 2.57188
-0.306175 0.942311 2.84395
-0.449816 0.882813 3.11602
-0.305236 -0.93942 -3.14159
-0.154996 -0.978606 -2.86952
3.82702e-17 -0.990804 -2.59745
0.154996 -0.978606 -2.32538
0.306175 -0.942311 -2.05331
0.449816 -0.882813 -1.78124
0.58238 -0.801577 -1.50917
0.700604 -0.700604 -1.2371
0.801577 -0.58238 -0.965033
0.882813 -0.449816 -0.692964
0.942311 -0.306175 -0.420894
0.978606 -0.154996 -0.148824
0.990804 1.38778e-16 0.123246
0.978606 0.154996 0.395316
0.942311 0.306175 0.667386
0.882813 0.449816 0.939456
0.801577 0.58238 1.21153
0.700604 0.700604 1.4836
0.58238 0.801577 1.75567
0.449816 0.882813 2.02774
0.306175 0.942311 2.29981
0.154996 0.978606 2.57188
-2.39286e-16 0.990804 2.84395
-0.154996 0.978606 3.11602
-0.580593 -0.799118 -3.14159
-0.449816 -0.882813 -2.86952
-0.306175 -0.942311 -2.59745
-0.154996 -0.978606 -2.32538
3.82702e-17 -0.990804 -2.05331
0.154996 -0.978606 -1.78124
0.306175 -0.942311 -1.50917
0.449816 -0.882813 -1.2371
0.58238 -0.801577 -0.965033
0.700604 -0.700604 -0.692964
0.801577 -0.58238 -0.420894
0.882813 -0.449816 -0.148824
0.942311 -0.306175 0.123246
0.978606 -0.154996 0.395316
0.990804 0.0 0.667386
0.978606 0.154996 0.939456
0.942311 0.306175 1.21153
0.882813 0.449816 1.4836
0.801577 0.58238 1.75567
0.700604 0.700604 2.02774
0.58238 0.801577 2.29981
0.449816 0.882813 2.57188
0.306175 0.942311 2.84395
0.154996 0.978606 3.11602
-0.799118 -0.580593 -3.14159
-0.700604 -0.700604 -2.86952
-0.58238 -0.801577 -2.59745
-0.449816 -0.882813 -2.32538
-0.306175 -0.942311 -2.05331
-0.154996 -0.978606 -1.78124
3.82702e-17 -0.990804 -1.50917
0.154996 -0.978606 -1.2371
0.306175 -0.942311 -0.965033
0.449816 -0.882813 -0.692964
0.58238 -0.801577 -0.420894
0.700604 -0.700604 -0.148824
0.801577 -0.58238 0.123246
0.882813 -0.449816 0.395316
0.942311 -0.306175 0.667386
0.978606 -0.154996 0.939456
0.990804 2.77556e-16 1.21153
0.978606 0.154996 1.4836
0.942311 0.306175 1.75567
0.882813 0.449816 2.02774
0.801577 0.58238 2.29981
0.700604 0.700604 2.57188
0.58238 0.801577 2.84395
0.449816 0.882813 3.11602
-0.93942 -0.305236 -3.14159
-0.882813 -0.449816 -2.86952
-0.801577 -0.58238 -2.59745
-0.700604 -0.700604 -2.32538
-0.58238 -0.801577 -2.05331
-0.449816 -0.882813 -1.78124
-0.306175 -0.942311 -1.50917
-0.154996 -0.978606 -1.2371
1.77048e-16 -0.990804 -0.965033
0.154996 -0.978606 -0.692964
0.306175 -0.942311 -0.420894
0.449816 -0.882813 -0.148824
0.58238 -0.801577 0.123246
0.700604 -0.700604 0.395316
0.801577 -0.58238 0.667386
0.882813 -0.449816 0.939456
0.942311 -0.306175 1.21153
0.978606 -0.154996 1.4836
0.990804 2.77556e-16 1.75567
0.978606 0.154996 2.02774
0.942311 0.306175 2.29981
0.882813 0.449816 2.57188
0.801577 0.58238 2.84395
0.700604 0.700604 3.11602
-0.987764 -9.18485e-17 -3.14159
-0.978606 -0.154996 -2.86952
-0.942311 -0.306175 -2.59745
-0.882813 -0.449816 -2.32538
-0.801577 -0.58238 -2.05331
-0.700604 -0.700604 -1.78124
-0.58238 -0.801577 -1.50917
-0.449816 -0.882813 -1.2371
-0.306175 -0.942311 -0.965033
-0.154996 -0.978606 -0.692964
3.15826e-16 -0.990804 -0.420894
0.154996 -0.978606 -0.148824
0.306175 -0.942311 0.123246
0.449816 -0.882813 0.395316
0.58238 -0.801577 0.667386
0.700604 -0.700604 0.939456
0.801577 -0.58238 1.21153
0.882813 -0.449816 1.4836
0.942311 -0.306175 1.75567
0.978606 -0.154996 2.02774
0.990804 0.0 2.29981
0.978606 0.154996 2.57188
0.942311 0.306175 2.84395
0.882813 0.449816 3.11602
-0.93942 0.305236 -3.14159
-0.978606 0.154996 -2.86952
-0.990804 -3.54096e-16 -2.59745
-0.978606 -0.154996 -2.32538
-0.942311 -0.306175 -2.05331
-0.882813 -0.449816 -1.78124
-0.801577 -0.58238 -1.50917
-0.700604 -0.700604 -1.2371
-0.58238 -0.801577 -0.965033
-0.449816 -0.882813 -0.692964
-0.306175 -0.942311 -0.420894
-0.154996 -0.978606 -0.148824
4.54604e-16 -0.990804 0.123246
0.154996 -0.978606 0.395316
0.306175 -0.942311 0.667386
0.449816 -0.882813 0.939456
0.58238 -0.801577 1.21153
0.700604 -0.700604 1.4836
0.801577 -0.58238 1.75567
0.882813 -0.449816 2.02774
0.942311 -0.306175 2.29981
0.978606 -0.154996 2.57188
0.990804 5.55112e-16 2.84395
0.978606 0.154996 3.11602
-0.799118 0.580593 -3.14159
-0.882813 0.449816 -2.86952
-0.942311 0.306175 -2.59745
-0.978606 0.154996 -2.32538
-0.990804 -7.65404e-17 -2.05331
-0.978606 -0.154996 -1.78124
-0.942311 -0.306175 -1.50917
-0.882813 -0.449816 -1.2371
-0.801577 -0.58238 -0.965033
-0.700604 -0.700604 -0.692964
-0.58238 -0.801577 -0.420894
-0.449816 -0.882813 -0.148824
-0.306175 -0.942311 0.123246
-0.154996 -0.978606 0.395316
3.82702e-17 -0.990804 0.667386
0.154996 -0.978606 0.939456
0.306175 -0.942311 1.21153
0.449816 -0.882813 1.4836
0.58238 -0.801577 1.75567
0.700604 -0.700604 2.02774
0.801577 -0.58238 2.29981
0.882813 -0.449816 2.57188
0.942311 -0.306175 2.84395
0.978606 -0.154996 3.11602
-0.580593 0.799118 -3.14159
-0.700604 0.700604 -2.86952
-0.801577 0.58238 -2.59745
-0.882813 0.449816 -2.32538
-0.942311 0.306175 -2.05331
-0.978606 0.154996 -1.78124
-0.990804 -7.65404e-17 -1.50917
-0.978606 -0.154996 -1.2371
-0.942311 -0.306175 -0.965033
-0.882813 -0.449816 -0.692964
-0.801577 -0.58238 -0.420894
-0.700604 -0.700604 -0.148824
-0.58238 -0.801577 0.123246
-0.449816 -0.882813 0.395316
-0.306175 -0.942311 0.667386
-0.154996 -0.978606 0.939456
3.15826e-16 -0.990804 1.21153
0.154996 -0.978606 1.4836
0.306175 -0.942311 1.75567
0.449816 -0.882813 2.02774
0.58238 -0.801577 2.29981
0.700604 -0.700604 2.57188
0.801577 -0.58238 2.84395
0.882813 -0.449816 3.11602
-0.305236 0.93942 -3.14159
-0.449816 0.882813 -2.86952
-0.58238 0.801577 -2.59745
-0.700604 0.700604 -2.32538
-0.801577 0.58238 -2.05331
-0.882813 0.449816 -1.78124
-0.942311 0.306175 -1.50917
-0.978606 0.154996 -1.2371
-0.990804 -7.65404e-17 -0.965033
-0.978606 -0.154996 -0.692964
-0.942311 -0.306175 -0.420894
-0.882813 -0.449816 -0.148824
-0.801577 -0.58238 0.123246
-0.700604 -0.700604 0.395316
-0.58238 -0.801577 0.667386
-0.449816 -0.882813 0.939456
-0.306175 -0.942311 1.21153
-0.154996 -0.978606 1.4836
3.15826e-16 -0.990804 1.75567
0.154996 -0.978606 2.02774
0.306175 -0.942311 2.29981
0.449816 -0.882813 2.57188
0.58238 -0.801577 2.84395
0.700604 -0.700604 3.11602
-1.37773e-16 0.987764 -3.14159
-0.154996 0.978606 -2.86952
-0.306175 0.942311 -2.59745
-0.449816 0.882813 -2.32538
-0.58238 0.801577 -2.05331
-0.700604 0.700604 -1.78124
-0.801577 0.58238 -1.50917
-0.882813 0.449816 -1.2371
-0.942311 0.306175 -0.965033
-0.978606 0.154996 -0.692964
-0.990804 -3.54096e-16 -0.420894
-0.978606 -0.154996 -0.148824
-0.942311 -0.306175 0.123246
-0.882813 -0.449816 0.395316
-0.801577 -0.58238 0.667386
-0.700604 -0.700604 0.939456
-0.58238 -0.801577 1.21153
-0.449816 -0.882813 1.4836
-0.306175 -0.942311 1.75567
-0.154996 -0.978606 2.02774
3.82702e-17 -0.990804 2.29981
0.154996 -0.978606 2.57188
0.306175 -0.942311 2.84395
0.449816 -0.882813 3.11602
0.305236 0.93942 -3.14159
0.154996 0.978606 -2.86952
-1.14811e-16 0.990804 -2.59745
-0.154996 0.978606 -2.32538
-0.306175 0.942311 -2.05331
-0.449816 0.882813 -1.78124
-0.58238 0.801577 -1.50917
-0.700604 0.700604 -1.2371
-0.801577 0.58238 -0.965033
-0.882813 0.449816 -0.692964
-0.942311 0.306175 -0.420894
-0.978606 0.154996 -0.148824
-0.990804 -7.65404e-17 0.123246
-0.978606 -0.154996 0.395316
-0.942311 -0.306175 0.667386
-0.882813 -0.449816 0.939456
-0.801577 -0.58238 1.21153
-0.700604 -0.700604 1.4836
-0.58238 -0.801577 1.75567
-0.449816 -0.882813 2.02774
-0.306175 -0.942311 2.29981
-0.154996 -0.978606 2.57188
3.15826e-16 -0.990804 2.84395
0.154996 -0.978606 3.11602
0.580593 0.799118 -3.14159
0.449816 0.882813 -2.86952
0.306175 0.942311 -2.59745
0.154996 0.978606 -2.32538
-1.14811e-16 0.990804 -2.05331
-0.154996 0.978606 -1.78124
-0.306175 0.942311 -1.50917
-0.449816 0.882813 -1.2371
-0.58238 0.801577 -0.965033
-0.700604 0.700604 -0.692964
-0.801577 0.58238 -0.420894
-0.882813 0.449816 -0.148824
-0.942311 0.306175 0.123246
-0.978606 0.154996 0.395316
-0.990804 -7.65404e-17 0.667386
-0.978606 -0.154996 0.939456
-0.942311 -0.306175 1.21153
-0.882813 -0.449816 1.4836
-0.801577 -0.58238 1.75567
-0.700604 -0.700604 2.02774
-0.58238 -0.801577 2.29981
-0.449816 -0.882813 2.57188
-0.306175 -0.942311 2.84395
-0.154996 -0.978606 3.11602
0.799118 0.580593 -3.14159
0.700604 0.700604 -2.86952
0.58238 0.801577 -2.59745
0.449816 0.882813 -2.32538
0.306175 0.942311 -2.05331
0.154996 0.978606 -1.78124
-1.14811e-16 0.990804 -1.50917
-0.154996 0.978606 -1.2371
-0.306175 0.942311 -0.965033
-0.449816 0.882813 -0.692964
-0.58238 0.801577 -0.420894
-0.700604 0.700604 -0.148824
-0.801577 0.58238 0.123246
-0.882813 0.449816 0.395316
-0.942311 0.306175 0.667386
-0.978606 0.154996 0.939456
-0.990804 -3.54096e-16 1.21153
-0.978606 -0.154996 1.4836
-0.942311 -0.306175 1.75567
-0.882813 -0.449816 2.02774
-0.801577 -0.58238 2.29981
-0.700604 -0.700604 2.57188
-0.58238 -0.801577 2.84395
-0.449816 -0.882813 3.11602
0.93942 0.305236 -3.14159
0.882813 0.449816 -2.86952
0.801577 0.58238 -2.59745
0.700604 0.700604 -2.32538
0.58238 0.801577 -2.05331
0.449816 0.882813 -1.78124
0.306175 0.942311 -1.50917
0.154996 0.978606 -1.2371
-1.14811e-16 0.990804 -0.965033
-0.154996 0.978606 -0.692964
-0.306175 0.942311 -0.420894
-0.449816 0.882813 -0.148824
-0.58238 0.801577 0.123246
-0.700604 0.700604 0.395316
-0.801577 0.58238 0.667386
-0.882813 0.449816 0.939456
-0.942311 0.306175 1.21153
-0.978606 0.154996 1.4836
-0.990804 -3.54096e-16 1.75567
-0.978606 -0.154996 2.02774
-0.942311 -0.306175 2.29981
-0.882813 -0.449816 2.57188
-0.801577 -0.58238 2.84395
-0.700604 -0.700604 3.11602
0.987726 -0.0777357 -3.00556
0.987726 0.0777357 -3.00556
0.990766 6.93889e-18 -2.86952
0.975528 0.154509 -3.14159
0.963405 0.231293 -3.00556
0.975528 -0.154509 -3.14159
0.963405 -0.231293 -3.00556
0.987726 0.0777357 -2.73349
0.963405 0.231293 -2.73349
0.978568 0.15499 -2.59745
0.942275 0.306164 -2.86952
0.915362 0.379155 -2.73349
0.987726 -0.0777357 -2.73349
0.915362 0.379155 -3.00556
0.963405 0.231293 -2.46142
0.915362 0.379155 -2.46142
0.942275 0.306164 -2.32538
0.882779 0.449798 -2.59745
0.844779 0.517681 -2.46142
0.987726 0.0777357 -2.46142
0.844779 0.517681 -2.73349
0.915362 0.379155 -2.18935
0.844779 0.517681 -2.18935
0.882779 0.449798 -2.05331
0.801547 0.582358 -2.32538
0.753395 0.64346 -2.18935
0.963405 0.231293 -2.18935
0.753395 0.64346 -2.46142
0.844779 0.517681 -1.91728
0.753395 0.64346 -1.91728
0.801547 0.582358 -1.78124
0.700578 0.700578 -2.05331
0.64346 0.753395 -1.91728
0.915362 0.379155 -1.91728
0.64346 0.753395 -2.18935
0.753395 0.64346 -1.64521
0.64346 0.753395 -1.64521
0.700578 0.700578 -1.50917
0.582358 0.801547 -1.78124
0.517681 0.844779 -1.64521
0.844779 0.517681 -1.64521
0.517681 0.844779 -1.91728
0.582358 0.801547 -1.2371
0.64346 0.753395 -1.37314
0.517681 0.844779 -1.37314
0.449798 0.882779 -1.50917
0.379155 0.915362 -1.37314
0.753395 0.64346 -1.37314
0.379155 0.915362 -1.64521
0.379155 0.915362 -1.10107
0.449798 0.882779 -0.965033
0.517681 0.844779 -1.10107
0.231293 0.963405 -1.10107
0.306164 0.942275 -1.2371
0.64346 0.753395 -1.10107
0.231293 0.963405 -1.37314
0.379155 0.915362 -0.828998
0.231293 0.963405 -0.828998
0.306164 0.942275 -0.692964
0.15499 0.978568 -0.965033
0.0777357 0.987726 -0.828998
0.517681 0.844779 -0.828998
0.0777357 0.987726 -1.10107
0.231293 0.963405 -0.556929
0.0777357 0.987726 -0.556929
0.15499 0.978568 -0.420894
-7.08192e-17 0.990766 -0.692964
-0.0777357 0.987726 -0.556929
0.379155 0.915362 -0.556929
-0.0777357 0.987726 -0.828998
0.0777357 0.987726 -0.284859
-0.0777357 0.987726 -0.284859
-6.79586e-17 0.990766 -0.148824
-0.15499 0.978568 -0.420894
-0.231293 0.963405 -0.284859
0.231293 0.963405 -0.284859
-0.231293 0.963405 -0.556929
-0.0777357 0.987726 -0.0127888
-0.231293 0.963405 -0.0127888
-0.15499 0.978568 0.123246
-0.306164 0.942275 -0.148824
-0.379155 0.915362 -0.0127888
0.0777357 0.987726 -0.0127888
-0.379155 0.915362 -0.284859
-0.231293 0.963405 0.259281
-0.379155 0.915362 0.259281
-0.306164 0.942275 0.395316
-0.449798 0.882779 0.123246
-0.517681 0.844779 0.259281
-0.0777357 0.987726 0.259281
-0.517681 0.844779 -0.0127888
-0.379155 0.915362 0.531351
-0.517681 0.844779 0.531351
-0.449798 0.882779 0.667386
-0.582358 0.801547 0.395316
-0.64346 0.753395 0.531351
-0.231293 0.963405 0.531351
-0.64346 0.753395 0.259281
-0.582358 0.801547 0.939456
-0.517681 0.844779 0.803421
-0.64346 0.753395 0.803421
-0.700578 0.700578 0.667386
-0.753395 0.64346 0.803421
-0.379155 0.915362 0.803421
-0.753395 0.64346 0.531351
-0.753395 0.64346 1.07549
-0.700578 0.700578 1.21153
-0.64346 0.753395 1.07549
-0.844779 0.517681 1.07549
-0.801547 0.582358 0.939456
-0.517681 0.844779 1.07549
-0.844779 0.517681 0.803421
-0.753395 0.64346 1.34756
-0.844779 0.517681 1.34756
-0.801547 0.582358 1.4836
-0.882779 0.449798 1.21153
-0.915362 0.379155 1.34756
-0.64346 0.753395 1.34756
-0.915362 0.379155 1.07549
-0.844779 0.517681 1.61963
-0.915362 0.379155 1.61963
-0.882779 0.449798 1.75567
-0.942275 0.306164 1.4836
-0.963405 0.231293 1.61963
-0.753395 0.64346 1.61963
-0.963405 0.231293 1.34756
-0.915362 0.379155 1.8917
-0.963405 0.231293 1.8917
-0.942275 0.306164 2.02774
-0.978568 0.15499 1.75567
-0.987726 0.0777357 1.8917
-0.844779 0.517681 1.8917
-0.987726 0.0777357 1.61963
-0.963405 0.231293 2.16377
-0.987726 0.0777357 2.16377
-0.978568 0.15499 2.29981
-0.990766 -5.55111e-17 2.02774
-0.987726 -0.0777357 2.16377
-0.915362 0.379155 2.16377
-0.987726 -0.0777357 1.8917
-0.987726 0.0777357 2.43584
-0.987726 -0.0777357 2.43584
-0.990766 -2.4895e-17 2.57188
-0.978568 -0.15499 2.29981
-0.963405 -0.231293 2.43584
-0.963405 0.231293 2.43584
-0.963405 -0.231293 2.16377
-0.987726 -0.0777357 2.70791
-0.963405 -0.231293 2.70791
-0.978568 -0.15499 2.84395
-0.942275 -0.306164 2.57188
-0.915362 -0.379155 2.70791
-0.987726 0.0777357 2.70791
-0.915362 -0.379155 2.43584
-0.942275 -0.306164 3.11602
-0.963405 -0.231293 2.97998
-0.915362 -0.379155 2.97998
-0.882779 -0.449798 2.84395
-0.844779 -0.517681 2.97998
-0.987726 -0.0777357 2.97998
-0.844779 -0.517681 2.70791
-0.844779 -0.517681 3.25205
-0.915362 -0.379155 3.25205
-0.753395 -0.64346 3.25205
-0.801547 -0.582358 3.11602
-0.963405 -0.231293 3.25205
-0.753395 -0.64346 2.97998
-0.64346 -0.753395 3.25205
0.915362 -0.379155 -3.00556
0.942275 -0.306164 -2.86952
0.880037 -0.448401 -3.14159
0.844779 -0.517681 -3.00556
0.963405 -0.231293 -2.73349
0.978568 -0.15499 -2.59745
0.915362 -0.379155 -2.73349
0.987726 -0.0777357 -2.46142
0.990766 2.08167e-17 -2.32538
0.963405 -0.231293 -2.46142
0.987726 0.0777357 -2.18935
0.978568 0.15499 -2.05331
0.987726 -0.0777357 -2.18935
0.963405 0.231293 -1.91728
0.942275 0.306164 -1.78124
0.987726 0.0777357 -1.91728
0.882779 0.449798 -1.50917
0.915362 0.379155 -1.64521
0.963405 0.231293 -1.64521
0.801547 0.582358 -1.2371
0.844779 0.517681 -1.37314
0.915362 0.379155 -1.37314
0.753395 0.64346 -1.10107
0.700578 0.700578 -0.965033
0.844779 0.517681 -1.10107
0.64346 0.753395 -0.828998
0.582358 0.801547 -0.692964
0.753395 0.64346 -0.828998
0.517681 0.844779 -0.556929
0.449798 0.882779 -0.420894
0.64346 0.753395 -0.556929
0.379155 0.915362 -0.284859
0.306164 0.942275 -0.148824
0.517681 0.844779 -0.284859
0.231293 0.963405 -0.0127888
0.15499 0.978568 0.123246
0.379155 0.915362 -0.0127888
0.0777357 0.987726 0.259281
-1.24475e-17 0.990766 0.395316
0.231293 0.963405 0.259281
-0.15499 0.978568 0.667386
-0.0777357 0.987726 0.531351
0.0777357 0.987726 0.531351
-0.306164 0.942275 0.939456
-0.231293 0.963405 0.803421
-0.0777357 0.987726 0.803421
-0.379155 0.915362 1.07549
-0.449798 0.882779 1.21153
-0.231293 0.963405 1.07549
-0.517681 0.844779 1.34756
-0.582358 0.801547 1.4836
-0.379155 0.915362 1.34756
-0.64346 0.753395 1.61963
-0.700578 0.700578 1.75567
-0.517681 0.844779 1.61963
-0.753395 0.64346 1.8917
-0.801547 0.582358 2.02774
-0.64346 0.753395 1.8917
-0.844779 0.517681 2.16377
-0.882779 0.449798 2.29981
-0.753395 0.64346 2.16377
-0.915362 0.379155 2.43584
-0.942275 0.306164 2.57188
-0.844779 0.517681 2.43584
-0.978568 0.15499 2.84395
-0.963405 0.231293 2.70791
-0.915362 0.379155 2.70791
-0.990766 -8.04061e-17 3.11602
-0.987726 0.0777357 2.97998
-0.963405 0.231293 2.97998
-0.987726 -0.0777357 3.25205
-0.987726 0.0777357 3.25205
0.753395 -0.64346 -3.00556
0.801547 -0.582358 -2.86952
0.698401 -0.698401 -3.14159
0.64346 -0.753395 -3.00556
0.844779 -0.517681 -2.73349
0.882779 -0.449798 -2.59745
0.753395 -0.64346 -2.73349
0.915362 -0.379155 -2.46142
0.942275 -0.306164 -2.32538
0.844779 -0.517681 -2.46142
0.963405 -0.231293 -2.18935
0.978568 -0.15499 -2.05331
0.915362 -0.379155 -2.18935
0.990766 2.77556e-17 -1.78124
0.987726 -0.0777357 -1.91728
0.963405 -0.231293 -1.91728
0.978568 0.15499 -1.50917
0.987726 0.0777357 -1.64521
0.987726 -0.0777357 -1.64521
0.963405 0.231293 -1.37314
0.942275 0.306164 -1.2371
0.987726 0.0777357 -1.37314
0.915362 0.379155 -1.10107
0.882779 0.449798 -0.965033
0.963405 0.231293 -1.10107
0.844779 0.517681 -0.828998
0.801547 0.582358 -0.692964
0.915362 0.379155 -0.828998
0.753395 0.64346 -0.556929
0.700578 0.700578 -0.420894
0.844779 0.517681 -0.556929
0.64346 0.753395 -0.284859
0.582358 0.801547 -0.148824
0.753395 0.64346 -0.284859
0.517681 0.844779 -0.0127888
0.449798 0.882779 0.123246
0.64346 0.753395 -0.0127888
0.306164 0.942275 0.395316
0.379155 0.915362 0.259281
0.517681 0.844779 0.259281
0.15499 0.978568 0.667386
0.231293 0.963405 0.531351
0.379155 0.915362 0.531351
0.0777357 0.987726 0.803421
-4.02031e-17 0.990766 0.939456
0.231293 0.963405 0.803421
-0.0777357 0.987726 1.07549
-0.15499 0.978568 1.21153
0.0777357 0.987726 1.07549
-0.231293 0.963405 1.34756
-0.306164 0.942275 1.4836
-0.0777357 0.987726 1.34756
-0.379155 0.915362 1.61963
-0.449798 0.882779 1.75567
-0.231293 0.963405 1.61963
-0.517681 0.844779 1.8917
-0.582358 0.801547 2.02774
-0.379155 0.915362 1.8917
-0.64346 0.753395 2.16377
-0.700578 0.700578 2.29981
-0.517681 0.844779 2.16377
-0.801547 0.582358 2.57188
-0.753395 0.64346 2.43584
-0.64346 0.753395 2.43584
-0.882779 0.449798 2.84395
-0.844779 0.517681 2.70791
-0.753395 0.64346 2.70791
-0.915362 0.379155 2.97998
-0.942275 0.306164 3.11602
-0.844779 0.517681 2.97998
-0.963405 0.231293 3.25205
-0.915362 0.379155 3.25205
0.517681 -0.844779 -3.00556
0.582358 -0.801547 -2.86952
0.448401 -0.880037 -3.14159
0.379155 -0.915362 -3.00556
0.64346 -0.753395 -2.73349
0.700578 -0.700578 -2.59745
0.517681 -0.844779 -2.73349
0.753395 -0.64346 -2.46142
0.801547 -0.582358 -2.32538
0.64346 -0.753395 -2.46142
0.882779 -0.449798 -2.05331
0.844779 -0.517681 -2.18935
0.753395 -0.64346 -2.18935
0.942275 -0.306164 -1.78124
0.915362 -0.379155 -1.91728
0.844779 -0.517681 -1.91728
0.963405 -0.231293 -1.64521
0.978568 -0.15499 -1.50917
0.915362 -0.379155 -1.64521
0.987726 -0.0777357 -1.37314
0.990766 4.16334e-17 -1.2371
0.963405 -0.231293 -1.37314
0.987726 0.0777357 -1.10107
0.978568 0.15499 -0.965033
0.987726 -0.0777357 -1.10107
0.963405 0.231293 -0.828998
0.942275 0.306164 -0.692964
0.987726 0.0777357 -0.828998
0.915362 0.379155 -0.556929
0.882779 0.449798 -0.420894
0.963405 0.231293 -0.556929
0.844779 0.517681 -0.284859
0.801547 0.582358 -0.148824
0.915362 0.379155 -0.284859
0.700578 0.700578 0.123246
0.753395 0.64346 -0.0127888
0.844779 0.517681 -0.0127888
0.582358 0.801547 0.395316
0.64346 0.753395 0.259281
0.753395 0.64346 0.259281
0.517681 0.844779 0.531351
0.449798 0.882779 0.667386
0.64346 0.753395 0.531351
0.379155 0.915362 0.803421
0.306164 0.942275 0.939456
0.517681 0.844779 0.803421
0.231293 0.963405 1.07549
0.15499 0.978568 1.21153
0.379155 0.915362 1.07549
0.0777357 0.987726 1.34756
-9.57142e-17 0.990766 1.4836
0.231293 0.963405 1.34756
-0.0777357 0.987726 1.61963
-0.15499 0.978568 1.75567
0.0777357 0.987726 1.61963
-0.231293 0.963405 1.8917
-0.306164 0.942275 2.02774
-0.0777357 0.987726 1.8917
-0.449798 0.882779 2.29981
-0.379155 0.915362 2.16377
-0.231293 0.963405 2.16377
-0.582358 0.801547 2.57188
-0.517681 0.844779 2.43584
-0.379155 0.915362 2.43584
-0.64346 0.753395 2.70791
-0.700578 0.700578 2.84395
-0.517681 0.844779 2.70791
-0.753395 0.64346 2.97998
-0.801547 0.582358 3.11602
-0.64346 0.753395 2.97998
-0.844779 0.517681 3.25205
-0.753395 0.64346 3.25205
0.231293 -0.963405 -3.00556
0.306164 -0.942275 -2.86952
0.154509 -0.975528 -3.14159
0.0777357 -0.987726 -3.00556
0.379155 -0.915362 -2.73349
0.449798 -0.882779 -2.59745
0.231293 -0.963405 -2.73349
0.582358 -0.801547 -2.32538
0.517681 -0.844779 -2.46142
0.379155 -0.915362 -2.46142
0.700578 -0.700578 -2.05331
0.64346 -0.753395 -2.18935
0.517681 -0.844779 -2.18935
0.753395 -0.64346 -1.91728
0.801547 -0.582358 -1.78124
0.64346 -0.753395 -1.91728
0.844779 -0.517681 -1.64521
0.882779 -0.449798 -1.50917
0.753395 -0.64346 -1.64521
0.915362 -0.379155 -1.37314
0.942275 -0.306164 -1.2371
0.844779 -0.517681 -1.37314
0.963405 -0.231293 -1.10107
0.978568 -0.15499 -0.965033
0.915362 -0.379155 -1.10107
0.987726 -0.0777357 -0.828998
0.990766 8.32667e-17 -0.692964
0.963405 -0.231293 -0.828998
0.987726 0.0777357 -0.556929
0.978568 0.15499 -0.420894
0.987726 -0.0777357 -0.556929
0.942275 0.306164 -0.148824
0.963405 0.231293 -0.284859
0.987726 0.0777357 -0.284859
0.882779 0.449798 0.123246
0.915362 0.379155 -0.0127888
0.963405 0.231293 -0.0127888
0.844779 0.517681 0.259281
0.801547 0.582358 0.395316
0.915362 0.379155 0.259281
0.753395 0.64346 0.531351
0.700578 0.700578 0.667386
0.844779 0.517681 0.531351
0.64346 0.753395 0.803421
0.582358 0.801547 0.939456
0.753395 0.64346 0.803421
0.517681 0.844779 1.07549
0.449798 0.882779 1.21153
0.64346 0.753395 1.07549
0.379155 0.915362 1.34756
0.306164 0.942275 1.4836
0.517681 0.844779 1.34756
0.231293 0.963405 1.61963
0.15499 0.978568 1.75567
0.379155 0.915362 1.61963
-4.02031e-17 0.990766 2.02774
0.0777357 0.987726 1.8917
0.231293 0.963405 1.8917
-0.15499 0.978568 2.29981
-0.0777357 0.987726 2.16377
0.0777357 0.987726 2.16377
-0.231293 0.963405 2.43584
-0.306164 0.942275 2.57188
-0.0777357 0.987726 2.43584
-0.379155 0.915362 2.70791
-0.449798 0.882779 2.84395
-0.231293 0.963405 2.70791
-0.517681 0.844779 2.97998
-0.582358 0.801547 3.11602
-0.379155 0.915362 2.97998
-0.64346 0.753395 3.25205
-0.517681 0.844779 3.25205
-0.0777357 -0.987726 -3.00556
1.53081e-17 -0.990766 -2.86952
-0.154509 -0.975528 -3.14159
-0.231293 -0.963405 -3.00556
0.15499 -0.978568 -2.59745
0.0777357 -0.987726 -2.73349
-0.0777357 -0.987726 -2.73349
0.306164 -0.942275 -2.32538
0.231293 -0.963405 -2.46142
0.0777357 -0.987726 -2.46142
0.379155 -0.915362 -2.18935
0.449798 -0.882779 -2.05331
0.231293 -0.963405 -2.18935
0.517681 -0.844779 -1.91728
0.582358 -0.801547 -1.78124
0.379155 -0.915362 -1.91728
0.64346 -0.753395 -1.64521
0.700578 -0.700578 -1.50917
0.517681 -0.844779 -1.64521
0.753395 -0.64346 -1.37314
0.801547 -0.582358 -1.2371
0.64346 -0.753395 -1.37314
0.844779 -0.517681 -1.10107
0.882779 -0.449798 -0.965033
0.753395 -0.64346 -1.10107
0.915362 -0.379155 -0.828998
0.942275 -0.306164 -0.692964
0.844779 -0.517681 -0.828998
0.978568 -0.15499 -0.420894
0.963405 -0.231293 -0.556929
0.915362 -0.379155 -0.556929
0.990766 8.32667e-17 -0.148824
0.987726 -0.0777357 -0.284859
0.963405 -0.231293 -0.284859
0.987726 0.0777357 -0.0127888
0.978568 0.15499 0.123246
0.987726 -0.0777357 -0.0127888
0.963405 0.231293 0.259281
0.942275 0.306164 0.395316
0.987726 0.0777357 0.259281
0.915362 0.379155 0.531351
0.882779 0.449798 0.667386
0.963405 0.231293 0.531351
0.844779 0.517681 0.803421
0.801547 0.582358 0.939456
0.915362 0.379155 0.803421
0.753395 0.64346 1.07549
0.700578 0.700578 1.21153
0.844779 0.517681 1.07549
0.64346 0.753395 1.34756
0.582358 0.801547 1.4836
0.753395 0.64346 1.34756
0.449798 0.882779 1.75567
0.517681 0.844779 1.61963
0.64346 0.753395 1.61963
0.306164 0.942275 2.02774
0.379155 0.915362 1.8917
0.517681 0.844779 1.8917
0.231293 0.963405 2.16377
0.15499 0.978568 2.29981
0.379155 0.915362 2.16377
0.0777357 0.987726 2.43584
-4.02031e-17 0.990766 2.57188
0.231293 0.963405 2.43584
-0.0777357 0.987726 2.70791
-0.15499 0.978568 2.84395
0.0777357 0.987726 2.70791
-0.231293 0.963405 2.97998
-0.306164 0.942275 3.11602
-0.0777357 0.987726 2.97998
-0.379155 0.915362 3.25205
-0.231293 0.963405 3.25205
-0.306164 -0.942275 -2.86952
-0.379155 -0.915362 -3.00556
-0.517681 -0.844779 -3.00556
-0.448401 -0.880037 -3.14159
-0.15499 -0.978568 -2.59745
-0.231293 -0.963405 -2.73349
-0.379155 -0.915362 -2.73349
-0.0777357 -0.987726 -2.46142
1.53081e-17 -0.990766 -2.32538
-0.231293 -0.963405 -2.46142
0.0777357 -0.987726 -2.18935
0.15499 -0.978568 -2.05331
-0.0777357 -0.987726 -2.18935
0.231293 -0.963405 -1.91728
0.306164 -0.942275 -1.78124
0.0777357 -0.987726 -1.91728
0.379155 -0.915362 -1.64521
0.449798 -0.882779 -1.50917
0.231293 -0.963405 -1.64521
0.517681 -0.844779 -1.37314
0.582358 -0.801547 -1.2371
0.379155 -0.915362 -1.37314
0.64346 -0.753395 -1.10107
0.700578 -0.700578 -0.965033
0.517681 -0.844779 -1.10107
0.801547 -0.582358 -0.692964
0.753395 -0.64346 -0.828998
0.64346 -0.753395 -0.828998
0.882779 -0.449798 -0.420894
0.844779 -0.517681 -0.556929
0.753395 -0.64346 -0.556929
0.915362 -0.379155 -0.284859
0.942275 -0.306164 -0.148824
0.844779 -0.517681 -0.284859
0.963405 -0.231293 -0.0127888
0.978568 -0.15499 0.123246
0.915362 -0.379155 -0.0127888
0.987726 -0.0777357 0.259281
0.990766 2.77556e-17 0.395316
0.963405 -0.231293 0.259281
0.987726 0.0777357 0.531351
0.978568 0.15499 0.667386
0.987726 -0.0777357 0.531351
0.963405 0.231293 0.803421
0.942275 0.306164 0.939456
0.987726 0.0777357 0.803421
0.915362 0.379155 1.07549
0.882779 0.449798 1.21153
0.963405 0.231293 1.07549
0.801547 0.582358 1.4836
0.844779 0.517681 1.34756
0.915362 0.379155 1.34756
0.700578 0.700578 1.75567
0.753395 0.64346 1.61963
0.844779 0.517681 1.61963
0.64346 0.753395 1.8917
0.582358 0.801547 2.02774
0.753395 0.64346 1.8917
0.517681 0.844779 2.16377
0.449798 0.882779 2.29981
0.64346 0.753395 2.16377
0.379155 0.915362 2.43584
0.306164 0.942275 2.57188
0.517681 0.844779 2.43584
0.231293 0.963405 2.70791
0.15499 0.978568 2.84395
0.379155 0.915362 2.70791
0.0777357 0.987726 2.97998
-9.57142e-17 0.990766 3.11602
0.231293 0.963405 2.97998
-0.0777357 0.987726 3.25205
0.0777357 0.987726 3.25205
-0.582358 -0.801547 -2.86952
-0.64346 -0.753395 -3.00556
-0.753395 -0.64346 -3.00556
-0.698401 -0.698401 -3.14159
-0.517681 -0.844779 -2.73349
-0.449798 -0.882779 -2.59745
-0.64346 -0.753395 -2.73349
-0.379155 -0.915362 -2.46142
-0.306164 -0.942275 -2.32538
-0.517681 -0.844779 -2.46142
-0.231293 -0.963405 -2.18935
-0.15499 -0.978568 -2.05331
-0.379155 -0.915362 -2.18935
-0.0777357 -0.987726 -1.91728
1.53081e-17 -0.990766 -1.78124
-0.231293 -0.963405 -1.91728
0.0777357 -0.987726 -1.64521
0.15499 -0.978568 -1.50917
-0.0777357 -0.987726 -1.64521
0.231293 -0.963405 -1.37314
0.306164 -0.942275 -1.2371
0.0777357 -0.987726 -1.37314
0.449798 -0.882779 -0.965033
0.379155 -0.915362 -1.10107
0.231293 -0.963405 -1.10107
0.582358 -0.801547 -0.692964
0.517681 -0.844779 -0.828998
0.379155 -0.915362 -0.828998
0.64346 -0.753395 -0.556929
0.700578 -0.700578 -0.420894
0.517681 -0.844779 -0.556929
0.753395 -0.64346 -0.284859
0.801547 -0.582358 -0.148824
0.64346 -0.753395 -0.284859
0.844779 -0.517681 -0.0127888
0.882779 -0.449798 0.123246
0.753395 -0.64346 -0.0127888
0.915362 -0.379155 0.259281
0.942275 -0.306164 0.395316
0.844779 -0.517681 0.259281
0.963405 -0.231293 0.531351
0.978568 -0.15499 0.667386
0.915362 -0.379155 0.531351
0.987726 -0.0777357 0.803421
0.990766 5.55112e-17 0.939456
0.963405 -0.231293 0.803421
0.978568 0.15499 1.21153
0.987726 0.0777357 1.07549
0.987726 -0.0777357 1.07549
0.942275 0.306164 1.4836
0.963405 0.231293 1.34756
0.987726 0.0777357 1.34756
0.915362 0.379155 1.61963
0.882779 0.449798 1.75567
0.963405 0.231293 1.61963
0.844779 0.517681 1.8917
0.801547 0.582358 2.02774
0.915362 0.379155 1.8917
0.753395 0.64346 2.16377
0.700578 0.700578 2.29981
0.844779 0.517681 2.16377
0.64346 0.753395 2.43584
0.582358 0.801547 2.57188
0.753395 0.64346 2.43584
0.517681 0.844779 2.70791
0.449798 0.882779 2.84395
0.64346 0.753395 2.70791
0.379155 0.915362 2.97998
0.306164 0.942275 3.11602
0.517681 0.844779 2.97998
0.231293 0.963405 3.25205
0.379155 0.915362 3.25205
-0.844779 -0.517681 -3.00556
-0.801547 -0.582358 -2.86952
-0.880037 -0.448401 -3.14159
-0.915362 -0.379155 -3.00556
-0.753395 -0.64346 -2.73349
-0.700578 -0.700578 -2.59745
-0.844779 -0.517681 -2.73349
-0.64346 -0.753395 -2.46142
-0.582358 -0.801547 -2.32538
-0.753395 -0.64346 -2.46142
-0.517681 -0.844779 -2.18935
-0.449798 -0.882779 -2.05331
-0.64346 -0.753395 -2.18935
-0.379155 -0.915362 -1.91728
-0.306164 -0.942275 -1.78124
-0.517681 -0.844779 -1.91728
-0.231293 -0.963405 -1.64521
-0.15499 -0.978568 -1.50917
-0.379155 -0.915362 -1.64521
4.30637e-17 -0.990766 -1.2371
-0.0777357 -0.987726 -1.37314
-0.231293 -0.963405 -1.37314
0.15499 -0.978568 -0.965033
0.0777357 -0.987726 -1.10107
-0.0777357 -0.987726 -1.10107
0.231293 -0.963405 -0.828998
0.306164 -0.942275 -0.692964
0.0777357 -0.987726 -0.828998
0.379155 -0.915362 -0.556929
0.449798 -0.882779 -0.420894
0.231293 -0.963405 -0.556929
0.517681 -0.844779 -0.284859
0.582358 -0.801547 -0.148824
0.379155 -0.915362 -0.284859
0.64346 -0.753395 -0.0127888
0.700578 -0.700578 0.123246
0.517681 -0.844779 -0.0127888
0.753395 -0.64346 0.259281
0.801547 -0.582358 0.395316
0.64346 -0.753395 0.259281
0.844779 -0.517681 0.531351
0.882779 -0.449798 0.667386
0.753395 -0.64346 0.531351
0.942275 -0.306164 0.939456
0.915362 -0.379155 0.803421
0.844779 -0.517681 0.803421
0.978568 -0.15499 1.21153
0.963405 -0.231293 1.07549
0.915362 -0.379155 1.07549
0.987726 -0.0777357 1.34756
0.990766 1.11022e-16 1.4836
0.963405 -0.231293 1.34756
0.987726 0.0777357 1.61963
0.978568 0.15499 1.75567
0.987726 -0.0777357 1.61963
0.963405 0.231293 1.8917
0.942275 0.306164 2.02774
0.987726 0.0777357 1.8917
0.915362 0.379155 2.16377
0.882779 0.449798 2.29981
0.963405 0.231293 2.16377
0.844779 0.517681 2.43584
0.801547 0.582358 2.57188
0.915362 0.379155 2.43584
0.753395 0.64346 2.70791
0.700578 0.700578 2.84395
0.844779 0.517681 2.70791
0.582358 0.801547 3.11602
0.64346 0.753395 2.97998
0.753395 0.64346 2.97998
0.517681 0.844779 3.25205
0.64346 0.753395 3.25205
-0.963405 -0.231293 -3.00556
-0.942275 -0.306164 -2.86952
-0.975528 -0.154509 -3.14159
-0.987726 -0.0777357 -3.00556
-0.915362 -0.379155 -2.73349
-0.882779 -0.449798 -2.59745
-0.963405 -0.231293 -2.73349
-0.844779 -0.517681 -2.46142
-0.801547 -0.582358 -2.32538
-0.915362 -0.379155 -2.46142
-0.753395 -0.64346 -2.18935
-0.700578 -0.700578 -2.05331
-0.844779 -0.517681 -2.18935
-0.64346 -0.753395 -1.91728
-0.582358 -0.801547 -1.78124
-0.753395 -0.64346 -1.91728
-0.449798 -0.882779 -1.50917
-0.517681 -0.844779 -1.64521
-0.64346 -0.753395 -1.64521
-0.306164 -0.942275 -1.2371
-0.379155 -0.915362 -1.37314
-0.517681 -0.844779 -1.37314
-0.231293 -0.963405 -1.10107
-0.15499 -0.978568 -0.965033
-0.379155 -0.915362 -1.10107
-0.0777357 -0.987726 -0.828998
9.85748e-17 -0.990766 -0.692964
-0.231293 -0.963405 -0.828998
0.0777357 -0.987726 -0.556929
0.15499 -0.978568 -0.420894
-0.0777357 -0.987726 -0.556929
0.231293 -0.963405 -0.284859
0.306164 -0.942275 -0.148824
0.0777357 -0.987726 -0.284859
0.379155 -0.915362 -0.0127888
0.449798 -0.882779 0.123246
0.231293 -0.963405 -0.0127888
0.517681 -0.844779 0.259281
0.582358 -0.801547 0.395316
0.379155 -0.915362 0.259281
0.700578 -0.700578 0.667386
0.64346 -0.753395 0.531351
0.517681 -0.844779 0.531351
0.801547 -0.582358 0.939456
0.753395 -0.64346 0.803421
0.64346 -0.753395 0.803421
0.844779 -0.517681 1.07549
0.882779 -0.449798 1.21153
0.753395 -0.64346 1.07549
0.915362 -0.379155 1.34756
0.942275 -0.306164 1.4836
0.844779 -0.517681 1.34756
0.963405 -0.231293 1.61963
0.978568 -0.15499 1.75567
0.915362 -0.379155 1.61963
0.987726 -0.0777357 1.8917
0.990766 5.55112e-17 2.02774
0.963405 -0.231293 1.8917
0.987726 0.0777357 2.16377
0.978568 0.15499 2.29981
0.987726 -0.0777357 2.16377
0.963405 0.231293 2.43584
0.942275 0.306164 2.57188
0.987726 0.0777357 2.43584
0.882779 0.449798 2.84395
0.915362 0.379155 2.70791
0.963405 0.231293 2.70791
0.801547 0.582358 3.11602
0.844779 0.517681 2.97998
0.915362 0.379155 2.97998
0.753395 0.64346 3.25205
0.844779 0.517681 3.25205
-0.987726 0.0777357 -3.00556
-0.990766 -8.61273e-17 -2.86952
-0.975528 0.154509 -3.14159
-0.963405 0.231293 -3.00556
-0.987726 -0.0777357 -2.73349
-0.978568 -0.15499 -2.59745
-0.987726 0.0777357 -2.73349
-0.963405 -0.231293 -2.46142
-0.942275 -0.306164 -2.32538
-0.987726 -0.0777357 -2.46142
-0.915362 -0.379155 -2.18935
-0.882779 -0.449798 -2.05331
-0.963405 -0.231293 -2.18935
-0.801547 -0.582358 -1.78124
-0.844779 -0.517681 -1.91728
-0.915362 -0.379155 -1.91728
-0.700578 -0.700578 -1.50917
-0.753395 -0.64346 -1.64521
-0.844779 -0.517681 -1.64521
-0.64346 -0.753395 -1.37314
-0.582358 -0.801547 -1.2371
-0.753395 -0.64346 -1.37314
-0.517681 -0.844779 -1.10107
-0.449798 -0.882779 -0.965033
-0.64346 -0.753395 -1.10107
-0.379155 -0.915362 -0.828998
-0.306164 -0.942275 -0.692964
-0.517681 -0.844779 -0.828998
-0.231293 -0.963405 -0.556929
-0.15499 -0.978568 -0.420894
-0.379155 -0.915362 -0.556929
-0.0777357 -0.987726 -0.284859
1.54086e-16 -0.990766 -0.148824
-0.231293 -0.963405 -0.284859
0.0777357 -0.987726 -0.0127888
0.15499 -0.978568 0.123246
-0.0777357 -0.987726 -0.0127888
0.306164 -0.942275 0.395316
0.231293 -0.963405 0.259281
0.0777357 -0.987726 0.259281
0.449798 -0.882779 0.667386
0.379155 -0.915362 0.531351
0.231293 -0.963405 0.531351
0.517681 -0.844779 0.803421
0.582358 -0.801547 0.939456
0.379155 -0.915362 0.803421
0.64346 -0.753395 1.07549
0.700578 -0.700578 1.21153
0.517681 -0.844779 1.07549
0.753395 -0.64346 1.34756
0.801547 -0.582358 1.4836
0.64346 -0.753395 1.34756
0.844779 -0.517681 1.61963
0.882779 -0.449798 1.75567
0.753395 -0.64346 1.61963
0.915362 -0.379155 1.8917
0.942275 -0.306164 2.02774
0.844779 -0.517681 1.8917
0.963405 -0.231293 2.16377
0.978568 -0.15499 2.29981
0.915362 -0.379155 2.16377
0.990766 1.11022e-16 2.57188
0.987726 -0.0777357 2.43584
0.963405 -0.231293 2.43584
0.978568 0.15499 2.84395
0.987726 0.0777357 2.70791
0.987726 -0.0777357 2.70791
0.963405 0.231293 2.97998
0.942275 0.306164 3.11602
0.987726 0.0777357 2.97998
0.915362 0.379155 3.25205
0.963405 0.231293 3.25205
-0.915362 0.379155 -3.00556
-0.942275 0.306164 -2.86952
-0.880037 0.448401 -3.14159
-0.844779 0.517681 -3.00556
-0.963405 0.231293 -2.73349
-0.978568 0.15499 -2.59745
-0.915362 0.379155 -2.73349
-0.987726 0.0777357 -2.46142
-0.990766 -8.61273e-17 -2.32538
-0.963405 0.231293 -2.46142
-0.978568 -0.15499 -2.05331
-0.987726 -0.0777357 -2.18935
-0.987726 0.0777357 -2.18935
-0.942275 -0.306164 -1.78124
-0.963405 -0.231293 -1.91728
-0.987726 -0.0777357 -1.91728
-0.915362 -0.379155 -1.64521
-0.882779 -0.449798 -1.50917
-0.963405 -0.231293 -1.64521
-0.844779 -0.517681 -1.37314
-0.801547 -0.582358 -1.2371
-0.915362 -0.379155 -1.37314
-0.753395 -0.64346 -1.10107
-0.700578 -0.700578 -0.965033
-0.844779 -0.517681 -1.10107
-0.64346 -0.753395 -0.828998
-0.582358 -0.801547 -0.692964
-0.753395 -0.64346 -0.828998
-0.517681 -0.844779 -0.556929
-0.449798 -0.882779 -0.420894
-0.64346 -0.753395 -0.556929
-0.379155 -0.915362 -0.284859
-0.306164 -0.942275 -0.148824
-0.517681 -0.844779 -0.284859
-0.15499 -0.978568 0.123246
-0.231293 -0.963405 -0.0127888
-0.379155 -0.915362 -0.0127888
9.85748e-17 -0.990766 0.395316
-0.0777357 -0.987726 0.259281
-0.231293 -0.963405 0.259281
0.0777357 -0.987726 0.531351
0.15499 -0.978568 0.667386
-0.0777357 -0.987726 0.531351
0.231293 -0.963405 0.803421
0.306164 -0.942275 0.939456
0.0777357 -0.987726 0.803421
0.379155 -0.915362 1.07549
0.449798 -0.882779 1.21153
0.231293 -0.963405 1.07549
0.517681 -0.844779 1.34756
0.582358 -0.801547 1.4836
0.379155 -0.915362 1.34756
0.64346 -0.753395 1.61963
0.700578 -0.700578 1.75567
0.517681 -0.844779 1.61963
0.753395 -0.64346 1.8917
0.801547 -0.582358 2.02774
0.64346 -0.753395 1.8917
0.882779 -0.449798 2.29981
0.844779 -0.517681 2.16377
0.753395 -0.64346 2.16377
0.942275 -0.306164 2.57188
0.915362 -0.379155 2.43584
0.844779 -0.517681 2.43584
0.963405 -0.231293 2.70791
0.978568 -0.15499 2.84395
0.915362 -0.379155 2.70791
0.987726 -0.0777357 2.97998
0.990766 1.66533e-16 3.11602
0.963405 -0.231293 2.97998
0.987726 0.0777357 3.25205
0.987726 -0.0777357 3.25205
-0.753395 0.64346 -3.00556
-0.801547 0.582358 -2.86952
-0.698401 0.698401 -3.14159
-0.64346 0.753395 -3.00556
-0.844779 0.517681 -2.73349
-0.882779 0.449798 -2.59745
-0.753395 0.64346 -2.73349
-0.942275 0.306164 -2.32538
-0.915362 0.379155 -2.46142
-0.844779 0.517681 -2.46142
-0.978568 0.15499 -2.05331
-0.963405 0.231293 -2.18935
-0.915362 0.379155 -2.18935
-0.987726 0.0777357 -1.91728
-0.990766 -3.06162e-17 -1.78124
-0.963405 0.231293 -1.91728
-0.987726 -0.0777357 -1.64521
-0.978568 -0.15499 -1.50917
-0.987726 0.0777357 -1.64521
-0.963405 -0.231293 -1.37314
-0.942275 -0.306164 -1.2371
-0.987726 -0.0777357 -1.37314
-0.915362 -0.379155 -1.10107
-0.882779 -0.449798 -0.965033
-0.963405 -0.231293 -1.10107
-0.844779 -0.517681 -0.828998
-0.801547 -0.582358 -0.692964
-0.915362 -0.379155 -0.828998
-0.753395 -0.64346 -0.556929
-0.700578 -0.700578 -0.420894
-0.844779 -0.517681 -0.556929
-0.582358 -0.801547 -0.148824
-0.64346 -0.753395 -0.284859
-0.753395 -0.64346 -0.284859
-0.449798 -0.882779 0.123246
-0.517681 -0.844779 -0.0127888
-0.64346 -0.753395 -0.0127888
-0.379155 -0.915362 0.259281
-0.306164 -0.942275 0.395316
-0.517681 -0.844779 0.259281
-0.231293 -0.963405 0.531351
-0.15499 -0.978568 0.667386
-0.379155 -0.915362 0.531351
-0.0777357 -0.987726 0.803421
7.08192e-17 -0.990766 0.939456
-0.231293 -0.963405 0.803421
0.0777357 -0.987726 1.07549
0.15499 -0.978568 1.21153
-0.0777357 -0.987726 1.07549
0.231293 -0.963405 1.34756
0.306164 -0.942275 1.4836
0.0777357 -0.987726 1.34756
0.379155 -0.915362 1.61963
0.449798 -0.882779 1.75567
0.231293 -0.963405 1.61963
0.582358 -0.801547 2.02774
0.517681 -0.844779 1.8917
0.379155 -0.915362 1.8917
0.700578 -0.700578 2.29981
0.64346 -0.753395 2.16377
0.517681 -0.844779 2.16377
0.753395 -0.64346 2.43584
0.801547 -0.582358 2.57188
0.64346 -0.753395 2.43584
0.844779 -0.517681 2.70791
0.882779 -0.449798 2.84395
0.753395 -0.64346 2.70791
0.915362 -0.379155 2.97998
0.942275 -0.306164 3.11602
0.844779 -0.517681 2.97998
0.963405 -0.231293 3.25205
0.915362 -0.379155 3.25205
-0.517681 0.844779 -3.00556
-0.582358 0.801547 -2.86952
-0.448401 0.880037 -3.14159
-0.379155 0.915362 -3.00556
-0.700578 0.700578 -2.59745
-0.64346 0.753395 -2.73349
-0.517681 0.844779 -2.73349
-0.801547 0.582358 -2.32538
-0.753395 0.64346 -2.46142
-0.64346 0.753395 -2.46142
-0.844779 0.517681 -2.18935
-0.882779 0.449798 -2.05331
-0.753395 0.64346 -2.18935
-0.915362 0.379155 -1.91728
-0.942275 0.306164 -1.78124
-0.844779 0.517681 -1.91728
-0.963405 0.231293 -1.64521
-0.978568 0.15499 -1.50917
-0.915362 0.379155 -1.64521
-0.987726 0.0777357 -1.37314
-0.990766 -3.06162e-17 -1.2371
-0.963405 0.231293 -1.37314
-0.987726 -0.0777357 -1.10107
-0.978568 -0.15499 -0.965033
-0.987726 0.0777357 -1.10107
-0.963405 -0.231293 -0.828998
-0.942275 -0.306164 -0.692964
-0.987726 -0.0777357 -0.828998
-0.882779 -0.449798 -0.420894
-0.915362 -0.379155 -0.556929
-0.963405 -0.231293 -0.556929
-0.801547 -0.582358 -0.148824
-0.844779 -0.517681 -0.284859
-0.915362 -0.379155 -0.284859
-0.753395 -0.64346 -0.0127888
-0.700578 -0.700578 0.123246
-0.844779 -0.517681 -0.0127888
-0.64346 -0.753395 0.259281
-0.582358 -0.801547 0.395316
-0.753395 -0.64346 0.259281
-0.517681 -0.844779 0.531351
-0.449798 -0.882779 0.667386
-0.64346 -0.753395 0.531351
-0.379155 -0.915362 0.803421
-0.306164 -0.942275 0.939456
-0.517681 -0.844779 0.803421
-0.231293 -0.963405 1.07549
-0.15499 -0.978568 1.21153
-0.379155 -0.915362 1.07549
-0.0777357 -0.987726 1.34756
1.2633e-16 -0.990766 1.4836
-0.231293 -0.963405 1.34756
0.15499 -0.978568 1.75567
0.0777357 -0.987726 1.61963
-0.0777357 -0.987726 1.61963
0.306164 -0.942275 2.02774
0.231293 -0.963405 1.8917
0.0777357 -0.987726 1.8917
0.379155 -0.915362 2.16377
0.449798 -0.882779 2.29981
0.231293 -0.963405 2.16377
0.517681 -0.844779 2.43584
0.582358 -0.801547 2.57188
0.379155 -0.915362 2.43584
0.64346 -0.753395 2.70791
0.700578 -0.700578 2.84395
0.517681 -0.844779 2.70791
0.753395 -0.64346 2.97998
0.801547 -0.582358 3.11602
0.64346 -0.753395 2.97998
0.844779 -0.517681 3.25205
0.753395 -0.64346 3.25205
-0.306164 0.942275 -2.86952
-0.231293 0.963405 -3.00556
-0.0777357 0.987726 -3.00556
-0.154509 0.975528 -3.14159
-0.449798 0.882779 -2.59745
-0.379155 0.915362 -2.73349
-0.231293 0.963405 -2.73349
-0.517681 0.844779 -2.46142
-0.582358 0.801547 -2.32538
-0.379155 0.915362 -2.46142
-0.64346 0.753395 -2.18935
-0.700578 0.700578 -2.05331
-0.517681 0.844779 -2.18935
-0.753395 0.64346 -1.91728
-0.801547 0.582358 -1.78124
-0.64346 0.753395 -1.91728
-0.844779 0.517681 -1.64521
-0.882779 0.449798 -1.50917
-0.753395 0.64346 -1.64521
-0.915362 0.379155 -1.37314
-0.942275 0.306164 -1.2371
-0.844779 0.517681 -1.37314
-0.963405 0.231293 -1.10107
-0.978568 0.15499 -0.965033
-0.915362 0.379155 -1.10107
-0.990766 -8.61273e-17 -0.692964
-0.987726 0.0777357 -0.828998
-0.963405 0.231293 -0.828998
-0.978568 -0.15499 -0.420894
-0.987726 -0.0777357 -0.556929
-0.987726 0.0777357 -0.556929
-0.963405 -0.231293 -0.284859
-0.942275 -0.306164 -0.148824
-0.987726 -0.0777357 -0.284859
-0.915362 -0.379155 -0.0127888
-0.882779 -0.449798 0.123246
-0.963405 -0.231293 -0.0127888
-0.844779 -0.517681 0.259281
-0.801547 -0.582358 0.395316
-0.915362 -0.379155 0.259281
-0.753395 -0.64346 0.531351
-0.700578 -0.700578 0.667386
-0.844779 -0.517681 0.531351
-0.64346 -0.753395 0.803421
-0.582358 -0.801547 0.939456
-0.753395 -0.64346 0.803421
-0.517681 -0.844779 1.07549
-0.449798 -0.882779 1.21153
-0.64346 -0.753395 1.07549
-0.306164 -0.942275 1.4836
-0.379155 -0.915362 1.34756
-0.517681 -0.844779 1.34756
-0.15499 -0.978568 1.75567
-0.231293 -0.963405 1.61963
-0.379155 -0.915362 1.61963
-0.0777357 -0.987726 1.8917
7.08192e-17 -0.990766 2.02774
-0.231293 -0.963405 1.8917
0.0777357 -0.987726 2.16377
0.15499 -0.978568 2.29981
-0.0777357 -0.987726 2.16377
0.231293 -0.963405 2.43584
0.306164 -0.942275 2.57188
0.0777357 -0.987726 2.43584
0.379155 -0.915362 2.70791
0.449798 -0.882779 2.84395
0.231293 -0.963405 2.70791
0.517681 -0.844779 2.97998
0.582358 -0.801547 3.11602
0.379155 -0.915362 2.97998
0.64346 -0.753395 3.25205
0.517681 -0.844779 3.25205
-4.59243e-17 0.990766 -2.86952
0.0777357 0.987726 -3.00556
0.231293 0.963405 -3.00556
0.154509 0.975528 -3.14159
-0.0777357 0.987726 -2.73349
-0.15499 0.978568 -2.59745
0.0777357 0.987726 -2.73349
-0.231293 0.963405 -2.46142
-0.306164 0.942275 -2.32538
-0.0777357 0.987726 -2.46142
-0.379155 0.915362 -2.18935
-0.449798 0.882779 -2.05331
-0.231293 0.963405 -2.18935
-0.517681 0.844779 -1.91728
-0.582358 0.801547 -1.78124
-0.379155 0.915362 -1.91728
-0.64346 0.753395 -1.64521
-0.700578 0.700578 -1.50917
-0.517681 0.844779 -1.64521
-0.753395 0.64346 -1.37314
-0.801547 0.582358 -1.2371
-0.64346 0.753395 -1.37314
-0.882779 0.449798 -0.965033
-0.844779 0.517681 -1.10107
-0.753395 0.64346 -1.10107
-0.942275 0.306164 -0.692964
-0.915362 0.379155 -0.828998
-0.844779 0.517681 -0.828998
-0.963405 0.231293 -0.556929
-0.978568 0.15499 -0.420894
-0.915362 0.379155 -0.556929
-0.987726 0.0777357 -0.284859
-0.990766 -8.61273e-17 -0.148824
-0.963405 0.231293 -0.284859
-0.987726 -0.0777357 -0.0127888
-0.978568 -0.15499 0.123246
-0.987726 0.0777357 -0.0127888
-0.963405 -0.231293 0.259281
-0.942275 -0.306164 0.395316
-0.987726 -0.0777357 0.259281
-0.915362 -0.379155 0.531351
-0.882779 -0.449798 0.667386
-0.963405 -0.231293 0.531351
-0.844779 -0.517681 0.803421
-0.801547 -0.582358 0.939456
-0.915362 -0.379155 0.803421
-0.700578 -0.700578 1.21153
-0.753395 -0.64346 1.07549
-0.844779 -0.517681 1.07549
-0.582358 -0.801547 1.4836
-0.64346 -0.753395 1.34756
-0.753395 -0.64346 1.34756
-0.517681 -0.844779 1.61963
-0.449798 -0.882779 1.75567
-0.64346 -0.753395 1.61963
-0.379155 -0.915362 1.8917
-0.306164 -0.942275 2.02774
-0.517681 -0.844779 1.8917
-0.231293 -0.963405 2.16377
-0.15499 -0.978568 2.29981
-0.379155 -0.915362 2.16377
-0.0777357 -0.987726 2.43584
7.08192e-17 -0.990766 2.57188
-0.231293 -0.963405 2.43584
0.0777357 -0.987726 2.70791
0.15499 -0.978568 2.84395
-0.0777357 -0.987726 2.70791
0.231293 -0.963405 2.97998
0.306164 -0.942275 3.11602
0.0777357 -0.987726 2.97998
0.379155 -0.915362 3.25205
0.231293 -0.963405 3.25205
0.379155 0.915362 -3.00556
0.306164 0.942275 -2.86952
0.448401 0.880037 -3.14159
0.517681 0.844779 -3.00556
0.231293 0.963405 -2.73349
0.15499 0.978568 -2.59745
0.379155 0.915362 -2.73349
0.0777357 0.987726 -2.46142
-4.59243e-17 0.990766 -2.32538
0.231293 0.963405 -2.46142
-0.0777357 0.987726 -2.18935
-0.15499 0.978568 -2.05331
0.0777357 0.987726 -2.18935
-0.231293 0.963405 -1.91728
-0.306164 0.942275 -1.78124
-0.0777357 0.987726 -1.91728
-0.379155 0.915362 -1.64521
-0.449798 0.882779 -1.50917
-0.231293 0.963405 -1.64521
-0.582358 0.801547 -1.2371
-0.517681 0.844779 -1.37314
-0.379155 0.915362 -1.37314
-0.700578 0.700578 -0.965033
-0.64346 0.753395 -1.10107
-0.517681 0.844779 -1.10107
-0.753395 0.64346 -0.828998
-0.801547 0.582358 -0.692964
-0.64346 0.753395 -0.828998
-0.844779 0.517681 -0.556929
-0.882779 0.449798 -0.420894
-0.753395 0.64346 -0.556929
-0.915362 0.379155 -0.284859
-0.942275 0.306164 -0.148824
-0.844779 0.517681 -0.284859
-0.963405 0.231293 -0.0127888
-0.978568 0.15499 0.123246
-0.915362 0.379155 -0.0127888
-0.987726 0.0777357 0.259281
-0.990766 -3.06162e-17 0.395316
-0.963405 0.231293 0.259281
-0.987726 -0.0777357 0.531351
-0.978568 -0.15499 0.667386
-0.987726 0.0777357 0.531351
-0.942275 -0.306164 0.939456
-0.963405 -0.231293 0.803421
-0.987726 -0.0777357 0.803421
-0.882779 -0.449798 1.21153
-0.915362 -0.379155 1.07549
-0.963405 -0.231293 1.07549
-0.844779 -0.517681 1.34756
-0.801547 -0.582358 1.4836
-0.915362 -0.379155 1.34756
-0.753395 -0.64346 1.61963
-0.700578 -0.700578 1.75567
-0.844779 -0.517681 1.61963
-0.64346 -0.753395 1.8917
-0.582358 -0.801547 2.02774
-0.753395 -0.64346 1.8917
-0.517681 -0.844779 2.16377
-0.449798 -0.882779 2.29981
-0.64346 -0.753395 2.16377
-0.379155 -0.915362 2.43584
-0.306164 -0.942275 2.57188
-0.517681 -0.844779 2.43584
-0.231293 -0.963405 2.70791
-0.15499 -0.978568 2.84395
-0.379155 -0.915362 2.70791
1.2633e-16 -0.990766 3.11602
-0.0777357 -0.987726 2.97998
-0.231293 -0.963405 2.97998
0.0777357 -0.987726 3.25205
-0.0777357 -0.987726 3.25205
0.64346 0.753395 -3.00556
0.582358 0.801547 -2.86952
0.698401 0.698401 -3.14159
0.753395 0.64346 -3.00556
0.517681 0.844779 -2.73349
0.449798 0.882779 -2.59745
0.64346 0.753395 -2.73349
0.379155 0.915362 -2.46142
0.306164 0.942275 -2.32538
0.517681 0.844779 -2.46142
0.231293 0.963405 -2.18935
0.15499 0.978568 -2.05331
0.379155 0.915362 -2.18935
0.0777357 0.987726 -1.91728
-4.59243e-17 0.990766 -1.78124
0.231293 0.963405 -1.91728
-0.15499 0.978568 -1.50917
-0.0777357 0.987726 -1.64521
0.0777357 0.987726 -1.64521
-0.306164 0.942275 -1.2371
-0.231293 0.963405 -1.37314
-0.0777357 0.987726 -1.37314
-0.379155 0.915362 -1.10107
-0.449798 0.882779 -0.965033
-0.231293 0.963405 -1.10107
-0.517681 0.844779 -0.828998
-0.582358 0.801547 -0.692964
-0.379155 0.915362 -0.828998
-0.64346 0.753395 -0.556929
-0.700578 0.700578 -0.420894
-0.517681 0.844779 -0.556929
-0.753395 0.64346 -0.284859
-0.801547 0.582358 -0.148824
-0.64346 0.753395 -0.284859
-0.844779 0.517681 -0.0127888
-0.882779 0.449798 0.123246
-0.753395 0.64346 -0.0127888
-0.915362 0.379155 0.259281
-0.942275 0.306164 0.395316
-0.844779 0.517681 0.259281
-0.978568 0.15499 0.667386
-0.963405 0.231293 0.531351
-0.915362 0.379155 0.531351
-0.990766 -8.61273e-17 0.939456
-0.987726 0.0777357 0.803421
-0.963405 0.231293 0.803421
-0.987726 -0.0777357 1.07549
-0.978568 -0.15499 1.21153
-0.987726 0.0777357 1.07549
-0.963405 -0.231293 1.34756
-0.942275 -0.306164 1.4836
-0.987726 -0.0777357 1.34756
-0.915362 -0.379155 1.61963
-0.882779 -0.449798 1.75567
-0.963405 -0.231293 1.61963
-0.844779 -0.517681 1.8917
-0.801547 -0.582358 2.02774
-0.915362 -0.379155 1.8917
-0.753395 -0.64346 2.16377
-0.700578 -0.700578 2.29981
-0.844779 -0.517681 2.16377
-0.64346 -0.753395 2.43584
-0.582358 -0.801547 2.57188
-0.753395 -0.64346 2.43584
-0.449798 -0.882779 2.84395
-0.517681 -0.844779 2.70791
-0.64346 -0.753395 2.70791
-0.306164 -0.942275 3.11602
-0.379155 -0.915362 2.97998
-0.517681 -0.844779 2.97998
-0.231293 -0.963405 3.25205
-0.379155 -0.915362 3.25205
0.844779 0.517681 -3.00556
0.801547 0.582358 -2.86952
0.880037 0.448401 -3.14159
0.753395 0.64346 -2.73349
0.700578 0.700578 -2.59745
0.64346 0.753395 -2.46142
0.582358 0.801547 -2.32538
0.517681 0.844779 -2.18935
0.449798 0.882779 -2.05331
0.306164 0.942275 -1.78124
0.379155 0.915362 -1.91728
0.15499 0.978568 -1.50917
0.231293 0.963405 -1.64521
0.0777357 0.987726 -1.37314
-4.59243e-17 0.990766 -1.2371
-0.0777357 0.987726 -1.10107
-0.15499 0.978568 -0.965033
-0.231293 0.963405 -0.828998
-0.306164 0.942275 -0.692964
-0.379155 0.915362 -0.556929
-0.449798 0.882779 -0.420894
-0.517681 0.844779 -0.284859
-0.582358 0.801547 -0.148824
-0.64346 0.753395 -0.0127888
-0.700578 0.700578 0.123246
-0.801547 0.582358 0.395316
-0.753395 0.64346 0.259281
-0.882779 0.449798 0.667386
-0.844779 0.517681 0.531351
-0.915362 0.379155 0.803421
-0.942275 0.306164 0.939456
-0.963405 0.231293 1.07549
-0.978568 0.15499 1.21153
-0.987726 0.0777357 1.34756
-0.990766 -1.41638e-16 1.4836
-0.987726 -0.0777357 1.61963
-0.978568 -0.15499 1.75567
-0.963405 -0.231293 1.8917
-0.942275 -0.306164 2.02774
-0.915362 -0.379155 2.16377
-0.882779 -0.449798 2.29981
-0.801547 -0.582358 2.57188
-0.844779 -0.517681 2.43584
-0.700578 -0.700578 2.84395
-0.753395 -0.64346 2.70791
-0.64346 -0.753395 2.97998
-0.582358 -0.801547 3.11602
-0.517681 -0.844779 3.25205
