2091 3
0.03830273369 -0.999266181051 -3.14159265359
-0.114683425398 -0.99340208976 -3.14159265359
0.190391109165 -0.981708319997 -3.14159265359
-0.264981502197 -0.964253495453 -3.14159265359
0.338016878409 -0.94114004798 -3.14159265359
-0.409068637171 -0.912503616477 -3.14159265359
0.477719818512 -0.878512250911 -3.14159265359
-0.543567550001 -0.839365426132 -3.14159265359
0.606225410967 -0.795292871273 -3.14159265359
-0.665325700166 -0.746553221612 -3.14159265359
0.720521593601 -0.693432500792 -3.14159265359
-0.771489179822 -0.636242442327 -3.14159265359
0.817929360767 -0.575318660219 -3.14159265359
-0.859569606987 -0.511018679447 -3.14159265359
0.896165556961 -0.443719837867 -3.14159265359
-0.927502451102 -0.373817071841 -3.14159265359
0.953396392055 -0.301720598595 -3.14159265359
-0.973695423878 -0.227853508903 -3.14159265359
0.98828042378 -0.152649284219 -3.14159265359
-0.997065801184 -0.0765492528365 -3.14159265359
1.0 0.0 -3.14159265359
-0.997065801184 0.0765492528365 -3.14159265359
0.98828042378 0.152649284219 -3.14159265359
-0.973695423878 0.227853508903 -3.14159265359
0.953396392055 0.301720598595 -3.14159265359
-0.927502451102 0.373817071841 -3.14159265359
0.896165556961 0.443719837867 -3.14159265359
-0.859569606987 0.511018679447 -3.14159265359
0.817929360767 0.575318660219 -3.14159265359
-0.771489179822 0.636242442327 -3.14159265359
0.720521593601 0.693432500792 -3.14159265359
-0.665325700166 0.746553221612 -3.14159265359
0.606225410967 0.795292871273 -3.14159265359
-0.543567550001 0.839365426132 -3.14159265359
0.477719818512 0.878512250911 -3.14159265359
-0.409068637171 0.912503616477 -3.14159265359
0.338016878409 0.94114004798 -3.14159265359
-0.264981502197 0.964253495453 -3.14159265359
0.190391109165 0.981708319997 -3.14159265359
-0.114683425398 0.99340208976 -3.14159265359
0.03830273369 0.999266181051 -3.14159265359
-0.03830273369 -0.999266181051 -3.00887562694
0.114683425398 -0.99340208976 -3.00887562694
-0.190391109165 -0.981708319997 -3.00887562694
0.264981502197 -0.964253495453 -3.00887562694
-0.338016878409 -0.94114004798 -3.00887562694
0.409068637171 -0.912503616477 -3.00887562694
-0.477719818512 -0.878512250911 -3.00887562694
0.543567550001 -0.839365426132 -3.00887562694
-0.606225410967 -0.795292871273 -3.00887562694
0.665325700166 -0.746553221612 -3.00887562694
-0.720521593601 -0.693432500792 -3.00887562694
0.771489179822 -0.636242442327 -3.00887562694
-0.817929360767 -0.575318660219 -3.00887562694
0.859569606987 -0.511018679447 -3.00887562694
-0.896165556961 -0.443719837867 -3.00887562694
0.927502451102 -0.373817071841 -3.00887562694
-0.953396392055 -0.301720598595 -3.00887562694
0.973695423878 -0.227853508903 -3.00887562694
-0.98828042378 -0.152649284219 -3.00887562694
0.997065801184 -0.0765492528365 -3.00887562694
-1.0 -1.22464679915e-16 -3.00887562694
0.997065801184 0.0765492528365 -3.00887562694
-0.98828042378 0.152649284219 -3.00887562694
0.973695423878 0.227853508903 -3.00887562694
-0.953396392055 0.301720598595 -3.00887562694
0.927502451102 0.373817071841 -3.00887562694
-0.896165556961 0.443719837867 -3.00887562694
0.859569606987 0.511018679447 -3.00887562694
-0.817929360767 0.575318660219 -3.00887562694
0.771489179822 0.636242442327 -3.00887562694
-0.720521593601 0.693432500792 -3.00887562694
0.665325700166 0.746553221612 -3.00887562694
-0.606225410967 0.795292871273 -3.00887562694
0.543567550001 0.839365426132 -3.00887562694
-0.477719818512 0.878512250911 -3.00887562694
0.409068637171 0.912503616477 -3.00887562694
-0.338016878409 0.94114004798 -3.00887562694
0.264981502197 0.964253495453 -3.00887562694
-0.190391109165 0.981708319997 -3.00887562694
0.114683425398 0.99340208976 -3.00887562694
-0.03830273369 0.999266181051 -3.00887562694
0.03830273369 -0.999266181051 -2.87615860029
-0.114683425398 -0.99340208976 -2.87615860029
0.190391109165 -0.981708319997 -2.87615860029
-0.264981502197 -0.964253495453 -2.87615860029
0.338016878409 -0.94114004798 -2.87615860029
-0.409068637171 -0.912503616477 -2.87615860029
0.477719818512 -0.878512250911 -2.87615860029
-0.543567550001 -0.839365426132 -2.87615860029
0.606225410967 -0.795292871273 -2.87615860029
-0.665325700166 -0.746553221612 -2.87615860029
0.720521593601 -0.693432500792 -2.87615860029
-0.771489179822 -0.636242442327 -2.87615860029
0.817929360767 -0.575318660219 -2.87615860029
-0.859569606987 -0.511018679447 -2.87615860029
0.896165556961 -0.443719837867 -2.87615860029
-0.927502451102 -0.373817071841 -2.87615860029
0.953396392055 -0.301720598595 -2.87615860029
-0.973695423878 -0.227853508903 -2.87615860029
0.98828042378 -0.152649284219 -2.87615860029
-0.997065801184 -0.0765492528365 -2.87615860029
1.0 2.77555756156e-17 -2.87615860029
-0.997065801184 0.0765492528365 -2.87615860029
0.98828042378 0.152649284219 -2.87615860029
-0.973695423878 0.227853508903 -2.87615860029
0.953396392055 0.301720598595 -2.87615860029
-0.927502451102 0.373817071841 -2.87615860029
0.896165556961 0.443719837867 -2.87615860029
-0.859569606987 0.511018679447 -2.87615860029
0.817929360767 0.575318660219 -2.87615860029
-0.771489179822 0.636242442327 -2.87615860029
0.720521593601 0.693432500792 -2.87615860029
-0.665325700166 0.746553221612 -2.87615860029
0.606225410967 0.795292871273 -2.87615860029
-0.543567550001 0.839365426132 -2.87615860029
0.477719818512 0.878512250911 -2.87615860029
-0.409068637171 0.912503616477 -2.87615860029
0.338016878409 0.94114004798 -2.87615860029
-0.264981502197 0.964253495453 -2.87615860029
0.190391109165 0.981708319997 -2.87615860029
-0.114683425398 0.99340208976 -2.87615860029
0.03830273369 0.999266181051 -2.87615860029
-0.03830273369 -0.999266181051 -2.74344157364
0.114683425398 -0.99340208976 -2.74344157364
-0.190391109165 -0.981708319997 -2.74344157364
0.264981502197 -0.964253495453 -2.74344157364
-0.338016878409 -0.94114004798 -2.74344157364
0.409068637171 -0.912503616477 -2.74344157364
-0.477719818512 -0.878512250911 -2.74344157364
0.543567550001 -0.839365426132 -2.74344157364
-0.606225410967 -0.795292871273 -2.74344157364
0.665325700166 -0.746553221612 -2.74344157364
-0.720521593601 -0.693432500792 -2.74344157364
0.771489179822 -0.636242442327 -2.74344157364
-0.817929360767 -0.575318660219 -2.74344157364
0.859569606987 -0.511018679447 -2.74344157364
-0.896165556961 -0.443719837867 -2.74344157364
0.927502451102 -0.373817071841 -2.74344157364
-0.953396392055 -0.301720598595 -2.74344157364
0.973695423878 -0.227853508903 -2.74344157364
-0.98828042378 -0.152649284219 -2.74344157364
0.997065801184 -0.0765492528365 -2.74344157364
-1.0 -1.01064309961e-15 -2.74344157364
0.997065801184 0.0765492528365 -2.74344157364
-0.98828042378 0.152649284219 -2.74344157364
0.973695423878 0.227853508903 -2.74344157364
-0.953396392055 0.301720598595 -2.74344157364
0.927502451102 0.373817071841 -2.74344157364
-0.896165556961 0.443719837867 -2.74344157364
0.859569606987 0.511018679447 -2.74344157364
-0.817929360767 0.575318660219 -2.74344157364
0.771489179822 0.636242442327 -2.74344157364
-0.720521593601 0.693432500792 -2.74344157364
0.665325700166 0.746553221612 -2.74344157364
-0.606225410967 0.795292871273 -2.74344157364
0.543567550001 0.839365426132 -2.74344157364
-0.477719818512 0.878512250911 -2.74344157364
0.409068637171 0.912503616477 -2.74344157364
-0.338016878409 0.94114004798 -2.74344157364
0.264981502197 0.964253495453 -2.74344157364
-0.190391109165 0.981708319997 -2.74344157364
0.114683425398 0.99340208976 -2.74344157364
-0.03830273369 0.999266181051 -2.74344157364
0.03830273369 -0.999266181051 -2.61072454698
-0.114683425398 -0.99340208976 -2.61072454698
0.190391109165 -0.981708319997 -2.61072454698
-0.264981502197 -0.964253495453 -2.61072454698
0.338016878409 -0.94114004798 -2.61072454698
-0.409068637171 -0.912503616477 -2.61072454698
0.477719818512 -0.878512250911 -2.61072454698
-0.543567550001 -0.839365426132 -2.61072454698
0.606225410967 -0.795292871273 -2.61072454698
-0.665325700166 -0.746553221612 -2.61072454698
0.720521593601 -0.693432500792 -2.61072454698
-0.771489179822 -0.636242442327 -2.61072454698
0.817929360767 -0.575318660219 -2.61072454698
-0.859569606987 -0.511018679447 -2.61072454698
0.896165556961 -0.443719837867 -2.61072454698
-0.927502451102 -0.373817071841 -2.61072454698
0.953396392055 -0.301720598595 -2.61072454698
-0.973695423878 -0.227853508903 -2.61072454698
0.98828042378 -0.152649284219 -2.61072454698
-0.997065801184 -0.0765492528365 -2.61072454698
1.0 5.55111512313e-17 -2.61072454698
-0.997065801184 0.0765492528365 -2.61072454698
0.98828042378 0.152649284219 -2.61072454698
-0.973695423878 0.227853508903 -2.61072454698
0.953396392055 0.301720598595 -2.61072454698
-0.927502451102 0.373817071841 -2.61072454698
0.896165556961 0.443719837867 -2.61072454698
-0.859569606987 0.511018679447 -2.61072454698
0.817929360767 0.575318660219 -2.61072454698
-0.771489179822 0.636242442327 -2.61072454698
0.720521593601 0.693432500792 -2.61072454698
-0.665325700166 0.746553221612 -2.61072454698
0.606225410967 0.795292871273 -2.61072454698
-0.543567550001 0.839365426132 -2.61072454698
0.477719818512 0.878512250911 -2.61072454698
-0.409068637171 0.912503616477 -2.61072454698
0.338016878409 0.94114004798 -2.61072454698
-0.264981502197 0.964253495453 -2.61072454698
0.190391109165 0.981708319997 -2.61072454698
-0.114683425398 0.99340208976 -2.61072454698
0.03830273369 0.999266181051 -2.61072454698
-0.03830273369 -0.999266181051 -2.47800752033
0.114683425398 -0.99340208976 -2.47800752033
-0.190391109165 -0.981708319997 -2.47800752033
0.264981502197 -0.964253495453 -2.47800752033
-0.338016878409 -0.94114004798 -2.47800752033
0.409068637171 -0.912503616477 -2.47800752033
-0.477719818512 -0.878512250911 -2.47800752033
0.543567550001 -0.839365426132 -2.47800752033
-0.606225410967 -0.795292871273 -2.47800752033
0.665325700166 -0.746553221612 -2.47800752033
-0.720521593601 -0.693432500792 -2.47800752033
0.771489179822 -0.636242442327 -2.47800752033
-0.817929360767 -0.575318660219 -2.47800752033
0.859569606987 -0.511018679447 -2.47800752033
-0.896165556961 -0.443719837867 -2.47800752033
0.927502451102 -0.373817071841 -2.47800752033
-0.953396392055 -0.301720598595 -2.47800752033
0.973695423878 -0.227853508903 -2.47800752033
-0.98828042378 -0.152649284219 -2.47800752033
0.997065801184 -0.0765492528365 -2.47800752033
-1.0 -5.66553889765e-16 -2.47800752033
0.997065801184 0.0765492528365 -2.47800752033
-0.98828042378 0.152649284219 -2.47800752033
0.973695423878 0.227853508903 -2.47800752033
-0.953396392055 0.301720598595 -2.47800752033
0.927502451102 0.373817071841 -2.47800752033
-0.896165556961 0.443719837867 -2.47800752033
0.859569606987 0.511018679447 -2.47800752033
-0.817929360767 0.575318660219 -2.47800752033
0.771489179822 0.636242442327 -2.47800752033
-0.720521593601 0.693432500792 -2.47800752033
0.665325700166 0.746553221612 -2.47800752033
-0.606225410967 0.795292871273 -2.47800752033
0.543567550001 0.839365426132 -2.47800752033
-0.477719818512 0.878512250911 -2.47800752033
0.409068637171 0.912503616477 -2.47800752033
-0.338016878409 0.94114004798 -2.47800752033
0.264981502197 0.964253495453 -2.47800752033
-0.190391109165 0.981708319997 -2.47800752033
0.114683425398 0.99340208976 -2.47800752033
-0.03830273369 0.999266181051 -2.47800752033
0.03830273369 -0.999266181051 -2.34529049368
-0.114683425398 -0.99340208976 -2.34529049368
0.190391109165 -0.981708319997 -2.34529049368
-0.264981502197 -0.964253495453 -2.34529049368
0.338016878409 -0.94114004798 -2.34529049368
-0.409068637171 -0.912503616477 -2.34529049368
0.477719818512 -0.878512250911 -2.34529049368
-0.543567550001 -0.839365426132 -2.34529049368
0.606225410967 -0.795292871273 -2.34529049368
-0.665325700166 -0.746553221612 -2.34529049368
0.720521593601 -0.693432500792 -2.34529049368
-0.771489179822 -0.636242442327 -2.34529049368
0.817929360767 -0.575318660219 -2.34529049368
-0.859569606987 -0.511018679447 -2.34529049368
0.896165556961 -0.443719837867 -2.34529049368
-0.927502451102 -0.373817071841 -2.34529049368
0.953396392055 -0.301720598595 -2.34529049368
-0.973695423878 -0.227853508903 -2.34529049368
0.98828042378 -0.152649284219 -2.34529049368
-0.997065801184 -0.0765492528365 -2.34529049368
1.0 1.11022302463e-16 -2.34529049368
-0.997065801184 0.0765492528365 -2.34529049368
0.98828042378 0.152649284219 -2.34529049368
-0.973695423878 0.227853508903 -2.34529049368
0.953396392055 0.301720598595 -2.34529049368
-0.927502451102 0.373817071841 -2.34529049368
0.896165556961 0.443719837867 -2.34529049368
-0.859569606987 0.511018679447 -2.34529049368
0.817929360767 0.575318660219 -2.34529049368
-0.771489179822 0.636242442327 -2.34529049368
0.720521593601 0.693432500792 -2.34529049368
-0.665325700166 0.746553221612 -2.34529049368
0.606225410967 0.795292871273 -2.34529049368
-0.543567550001 0.839365426132 -2.34529049368
0.477719818512 0.878512250911 -2.34529049368
-0.409068637171 0.912503616477 -2.34529049368
0.338016878409 0.94114004798 -2.34529049368
-0.264981502197 0.964253495453 -2.34529049368
0.190391109165 0.981708319997 -2.34529049368
-0.114683425398 0.99340208976 -2.34529049368
0.03830273369 0.999266181051 -2.34529049368
-0.03830273369 -0.999266181051 -2.21257346703
0.114683425398 -0.99340208976 -2.21257346703
-0.190391109165 -0.981708319997 -2.21257346703
0.264981502197 -0.964253495453 -2.21257346703
-0.338016878409 -0.94114004798 -2.21257346703
0.409068637171 -0.912503616477 -2.21257346703
-0.477719818512 -0.878512250911 -2.21257346703
0.543567550001 -0.839365426132 -2.21257346703
-0.606225410967 -0.795292871273 -2.21257346703
0.665325700166 -0.746553221612 -2.21257346703
-0.720521593601 -0.693432500792 -2.21257346703
0.771489179822 -0.636242442327 -2.21257346703
-0.817929360767 -0.575318660219 -2.21257346703
0.859569606987 -0.511018679447 -2.21257346703
-0.896165556961 -0.443719837867 -2.21257346703
0.927502451102 -0.373817071841 -2.21257346703
-0.953396392055 -0.301720598595 -2.21257346703
0.973695423878 -0.227853508903 -2.21257346703
-0.98828042378 -0.152649284219 -2.21257346703
0.997065801184 -0.0765492528365 -2.21257346703
-1.0 -5.66553889765e-16 -2.21257346703
0.997065801184 0.0765492528365 -2.21257346703
-0.98828042378 0.152649284219 -2.21257346703
0.973695423878 0.227853508903 -2.21257346703
-0.953396392055 0.301720598595 -2.21257346703
0.927502451102 0.373817071841 -2.21257346703
-0.896165556961 0.443719837867 -2.21257346703
0.859569606987 0.511018679447 -2.21257346703
-0.817929360767 0.575318660219 -2.21257346703
0.771489179822 0.636242442327 -2.21257346703
-0.720521593601 0.693432500792 -2.21257346703
0.665325700166 0.746553221612 -2.21257346703
-0.606225410967 0.795292871273 -2.21257346703
0.543567550001 0.839365426132 -2.21257346703
-0.477719818512 0.878512250911 -2.21257346703
0.409068637171 0.912503616477 -2.21257346703
-0.338016878409 0.94114004798 -2.21257346703
0.264981502197 0.964253495453 -2.21257346703
-0.190391109165 0.981708319997 -2.21257346703
0.114683425398 0.99340208976 -2.21257346703
-0.03830273369 0.999266181051 -2.21257346703
0.03830273369 -0.999266181051 -2.07985644038
-0.114683425398 -0.99340208976 -2.07985644038
0.190391109165 -0.981708319997 -2.07985644038
-0.264981502197 -0.964253495453 -2.07985644038
0.338016878409 -0.94114004798 -2.07985644038
-0.409068637171 -0.912503616477 -2.07985644038
0.477719818512 -0.878512250911 -2.07985644038
-0.543567550001 -0.839365426132 -2.07985644038
0.606225410967 -0.795292871273 -2.07985644038
-0.665325700166 -0.746553221612 -2.07985644038
0.720521593601 -0.693432500792 -2.07985644038
-0.771489179822 -0.636242442327 -2.07985644038
0.817929360767 -0.575318660219 -2.07985644038
-0.859569606987 -0.511018679447 -2.07985644038
0.896165556961 -0.443719837867 -2.07985644038
-0.927502451102 -0.373817071841 -2.07985644038
0.953396392055 -0.301720598595 -2.07985644038
-0.973695423878 -0.227853508903 -2.07985644038
0.98828042378 -0.152649284219 -2.07985644038
-0.997065801184 -0.0765492528365 -2.07985644038
1.0 1.11022302463e-16 -2.07985644038
-0.997065801184 0.0765492528365 -2.07985644038
0.98828042378 0.152649284219 -2.07985644038
-0.973695423878 0.227853508903 -2.07985644038
0.953396392055 0.301720598595 -2.07985644038
-0.927502451102 0.373817071841 -2.07985644038
0.896165556961 0.443719837867 -2.07985644038
-0.859569606987 0.511018679447 -2.07985644038
0.817929360767 0.575318660219 -2.07985644038
-0.771489179822 0.636242442327 -2.07985644038
0.720521593601 0.693432500792 -2.07985644038
-0.665325700166 0.746553221612 -2.07985644038
0.606225410967 0.795292871273 -2.07985644038
-0.543567550001 0.839365426132 -2.07985644038
0.477719818512 0.878512250911 -2.07985644038
-0.409068637171 0.912503616477 -2.07985644038
0.338016878409 0.94114004798 -2.07985644038
-0.264981502197 0.964253495453 -2.07985644038
0.190391109165 0.981708319997 -2.07985644038
-0.114683425398 0.99340208976 -2.07985644038
0.03830273369 0.999266181051 -2.07985644038
-0.03830273369 -0.999266181051 -1.94713941373
0.114683425398 -0.99340208976 -1.94713941373
-0.190391109165 -0.981708319997 -1.94713941373
0.264981502197 -0.964253495453 -1.94713941373
-0.338016878409 -0.94114004798 -1.94713941373
0.409068637171 -0.912503616477 -1.94713941373
-0.477719818512 -0.878512250911 -1.94713941373
0.543567550001 -0.839365426132 -1.94713941373
-0.606225410967 -0.795292871273 -1.94713941373
0.665325700166 -0.746553221612 -1.94713941373
-0.720521593601 -0.693432500792 -1.94713941373
0.771489179822 -0.636242442327 -1.94713941373
-0.817929360767 -0.575318660219 -1.94713941373
0.859569606987 -0.511018679447 -1.94713941373
-0.896165556961 -0.443719837867 -1.94713941373
0.927502451102 -0.373817071841 -1.94713941373
-0.953396392055 -0.301720598595 -1.94713941373
0.973695423878 -0.227853508903 -1.94713941373
-0.98828042378 -0.152649284219 -1.94713941373
0.997065801184 -0.0765492528365 -1.94713941373
-1.0 -1.22464679915e-16 -1.94713941373
0.997065801184 0.0765492528365 -1.94713941373
-0.98828042378 0.152649284219 -1.94713941373
0.973695423878 0.227853508903 -1.94713941373
-0.953396392055 0.301720598595 -1.94713941373
0.927502451102 0.373817071841 -1.94713941373
-0.896165556961 0.443719837867 -1.94713941373
0.859569606987 0.511018679447 -1.94713941373
-0.817929360767 0.575318660219 -1.94713941373
0.771489179822 0.636242442327 -1.94713941373
-0.720521593601 0.693432500792 -1.94713941373
0.665325700166 0.746553221612 -1.94713941373
-0.606225410967 0.795292871273 -1.94713941373
0.543567550001 0.839365426132 -1.94713941373
-0.477719818512 0.878512250911 -1.94713941373
0.409068637171 0.912503616477 -1.94713941373
-0.338016878409 0.94114004798 -1.94713941373
0.264981502197 0.964253495453 -1.94713941373
-0.190391109165 0.981708319997 -1.94713941373
0.114683425398 0.99340208976 -1.94713941373
-0.03830273369 0.999266181051 -1.94713941373
0.03830273369 -0.999266181051 -1.81442238708
-0.114683425398 -0.99340208976 -1.81442238708
0.190391109165 -0.981708319997 -1.81442238708
-0.264981502197 -0.964253495453 -1.81442238708
0.338016878409 -0.94114004798 -1.81442238708
-0.409068637171 -0.912503616477 -1.81442238708
0.477719818512 -0.878512250911 -1.81442238708
-0.543567550001 -0.839365426132 -1.81442238708
0.606225410967 -0.795292871273 -1.81442238708
-0.665325700166 -0.746553221612 -1.81442238708
0.720521593601 -0.693432500792 -1.81442238708
-0.771489179822 -0.636242442327 -1.81442238708
0.817929360767 -0.575318660219 -1.81442238708
-0.859569606987 -0.511018679447 -1.81442238708
0.896165556961 -0.443719837867 -1.81442238708
-0.927502451102 -0.373817071841 -1.81442238708
0.953396392055 -0.301720598595 -1.81442238708
-0.973695423878 -0.227853508903 -1.81442238708
0.98828042378 -0.152649284219 -1.81442238708
-0.997065801184 -0.0765492528365 -1.81442238708
1.0 2.22044604925e-16 -1.81442238708
-0.997065801184 0.0765492528365 -1.81442238708
0.98828042378 0.152649284219 -1.81442238708
-0.973695423878 0.227853508903 -1.81442238708
0.953396392055 0.301720598595 -1.81442238708
-0.927502451102 0.373817071841 -1.81442238708
0.896165556961 0.443719837867 -1.81442238708
-0.859569606987 0.511018679447 -1.81442238708
0.817929360767 0.575318660219 -1.81442238708
-0.771489179822 0.636242442327 -1.81442238708
0.720521593601 0.693432500792 -1.81442238708
-0.665325700166 0.746553221612 -1.81442238708
0.606225410967 0.795292871273 -1.81442238708
-0.543567550001 0.839365426132 -1.81442238708
0.477719818512 0.878512250911 -1.81442238708
-0.409068637171 0.912503616477 -1.81442238708
0.338016878409 0.94114004798 -1.81442238708
-0.264981502197 0.964253495453 -1.81442238708
0.190391109165 0.981708319997 -1.81442238708
-0.114683425398 0.99340208976 -1.81442238708
0.03830273369 0.999266181051 -1.81442238708
-0.03830273369 -0.999266181051 -1.68170536043
0.114683425398 -0.99340208976 -1.68170536043
-0.190391109165 -0.981708319997 -1.68170536043
0.264981502197 -0.964253495453 -1.68170536043
-0.338016878409 -0.94114004798 -1.68170536043
0.409068637171 -0.912503616477 -1.68170536043
-0.477719818512 -0.878512250911 -1.68170536043
0.543567550001 -0.839365426132 -1.68170536043
-0.606225410967 -0.795292871273 -1.68170536043
0.665325700166 -0.746553221612 -1.68170536043
-0.720521593601 -0.693432500792 -1.68170536043
0.771489179822 -0.636242442327 -1.68170536043
-0.817929360767 -0.575318660219 -1.68170536043
0.859569606987 -0.511018679447 -1.68170536043
-0.896165556961 -0.443719837867 -1.68170536043
0.927502451102 -0.373817071841 -1.68170536043
-0.953396392055 -0.301720598595 -1.68170536043
0.973695423878 -0.227853508903 -1.68170536043
-0.98828042378 -0.152649284219 -1.68170536043
0.997065801184 -0.0765492528365 -1.68170536043
-1.0 -1.22464679915e-16 -1.68170536043
0.997065801184 0.0765492528365 -1.68170536043
-0.98828042378 0.152649284219 -1.68170536043
0.973695423878 0.227853508903 -1.68170536043
-0.953396392055 0.301720598595 -1.68170536043
0.927502451102 0.373817071841 -1.68170536043
-0.896165556961 0.443719837867 -1.68170536043
0.859569606987 0.511018679447 -1.68170536043
-0.817929360767 0.575318660219 -1.68170536043
0.771489179822 0.636242442327 -1.68170536043
-0.720521593601 0.693432500792 -1.68170536043
0.665325700166 0.746553221612 -1.68170536043
-0.606225410967 0.795292871273 -1.68170536043
0.543567550001 0.839365426132 -1.68170536043
-0.477719818512 0.878512250911 -1.68170536043
0.409068637171 0.912503616477 -1.68170536043
-0.338016878409 0.94114004798 -1.68170536043
0.264981502197 0.964253495453 -1.68170536043
-0.190391109165 0.981708319997 -1.68170536043
0.114683425398 0.99340208976 -1.68170536043
-0.03830273369 0.999266181051 -1.68170536043
0.03830273369 -0.999266181051 -1.54898833377
-0.114683425398 -0.99340208976 -1.54898833377
0.190391109165 -0.981708319997 -1.54898833377
-0.264981502197 -0.964253495453 -1.54898833377
0.338016878409 -0.94114004798 -1.54898833377
-0.409068637171 -0.912503616477 -1.54898833377
0.477719818512 -0.878512250911 -1.54898833377
-0.543567550001 -0.839365426132 -1.54898833377
0.606225410967 -0.795292871273 -1.54898833377
-0.665325700166 -0.746553221612 -1.54898833377
0.720521593601 -0.693432500792 -1.54898833377
-0.771489179822 -0.636242442327 -1.54898833377
0.817929360767 -0.575318660219 -1.54898833377
-0.859569606987 -0.511018679447 -1.54898833377
0.896165556961 -0.443719837867 -1.54898833377
-0.927502451102 -0.373817071841 -1.54898833377
0.953396392055 -0.301720598595 -1.54898833377
-0.973695423878 -0.227853508903 -1.54898833377
0.98828042378 -0.152649284219 -1.54898833377
-0.997065801184 -0.0765492528365 -1.54898833377
1.0 2.22044604925e-16 -1.54898833377
-0.997065801184 0.0765492528365 -1.54898833377
0.98828042378 0.152649284219 -1.54898833377
-0.973695423878 0.227853508903 -1.54898833377
0.953396392055 0.301720598595 -1.54898833377
-0.927502451102 0.373817071841 -1.54898833377
0.896165556961 0.443719837867 -1.54898833377
-0.859569606987 0.511018679447 -1.54898833377
0.817929360767 0.575318660219 -1.54898833377
-0.771489179822 0.636242442327 -1.54898833377
0.720521593601 0.693432500792 -1.54898833377
-0.665325700166 0.746553221612 -1.54898833377
0.606225410967 0.795292871273 -1.54898833377
-0.543567550001 0.839365426132 -1.54898833377
0.477719818512 0.878512250911 -1.54898833377
-0.409068637171 0.912503616477 -1.54898833377
0.338016878409 0.94114004798 -1.54898833377
-0.264981502197 0.964253495453 -1.54898833377
0.190391109165 0.981708319997 -1.54898833377
-0.114683425398 0.99340208976 -1.54898833377
0.03830273369 0.999266181051 -1.54898833377
-0.03830273369 -0.999266181051 -1.41627130712
0.114683425398 -0.99340208976 -1.41627130712
-0.190391109165 -0.981708319997 -1.41627130712
0.264981502197 -0.964253495453 -1.41627130712
-0.338016878409 -0.94114004798 -1.41627130712
0.409068637171 -0.912503616477 -1.41627130712
-0.477719818512 -0.878512250911 -1.41627130712
0.543567550001 -0.839365426132 -1.41627130712
-0.606225410967 -0.795292871273 -1.41627130712
0.665325700166 -0.746553221612 -1.41627130712
-0.720521593601 -0.693432500792 -1.41627130712
0.771489179822 -0.636242442327 -1.41627130712
-0.817929360767 -0.575318660219 -1.41627130712
0.859569606987 -0.511018679447 -1.41627130712
-0.896165556961 -0.443719837867 -1.41627130712
0.927502451102 -0.373817071841 -1.41627130712
-0.953396392055 -0.301720598595 -1.41627130712
0.973695423878 -0.227853508903 -1.41627130712
-0.98828042378 -0.152649284219 -1.41627130712
0.997065801184 -0.0765492528365 -1.41627130712
-1.0 -1.01064309961e-15 -1.41627130712
0.997065801184 0.0765492528365 -1.41627130712
-0.98828042378 0.152649284219 -1.41627130712
0.973695423878 0.227853508903 -1.41627130712
-0.953396392055 0.301720598595 -1.41627130712
0.927502451102 0.373817071841 -1.41627130712
-0.896165556961 0.443719837867 -1.41627130712
0.859569606987 0.511018679447 -1.41627130712
-0.817929360767 0.575318660219 -1.41627130712
0.771489179822 0.636242442327 -1.41627130712
-0.720521593601 0.693432500792 -1.41627130712
0.665325700166 0.746553221612 -1.41627130712
-0.606225410967 0.795292871273 -1.41627130712
0.543567550001 0.839365426132 -1.41627130712
-0.477719818512 0.878512250911 -1.41627130712
0.409068637171 0.912503616477 -1.41627130712
-0.338016878409 0.94114004798 -1.41627130712
0.264981502197 0.964253495453 -1.41627130712
-0.190391109165 0.981708319997 -1.41627130712
0.114683425398 0.99340208976 -1.41627130712
-0.03830273369 0.999266181051 -1.41627130712
0.03830273369 -0.999266181051 -1.28355428047
-0.114683425398 -0.99340208976 -1.28355428047
0.190391109165 -0.981708319997 -1.28355428047
-0.264981502197 -0.964253495453 -1.28355428047
0.338016878409 -0.94114004798 -1.28355428047
-0.409068637171 -0.912503616477 -1.28355428047
0.477719818512 -0.878512250911 -1.28355428047
-0.543567550001 -0.839365426132 -1.28355428047
0.606225410967 -0.795292871273 -1.28355428047
-0.665325700166 -0.746553221612 -1.28355428047
0.720521593601 -0.693432500792 -1.28355428047
-0.771489179822 -0.636242442327 -1.28355428047
0.817929360767 -0.575318660219 -1.28355428047
-0.859569606987 -0.511018679447 -1.28355428047
0.896165556961 -0.443719837867 -1.28355428047
-0.927502451102 -0.373817071841 -1.28355428047
0.953396392055 -0.301720598595 -1.28355428047
-0.973695423878 -0.227853508903 -1.28355428047
0.98828042378 -0.152649284219 -1.28355428047
-0.997065801184 -0.0765492528365 -1.28355428047
1.0 2.22044604925e-16 -1.28355428047
-0.997065801184 0.0765492528365 -1.28355428047
0.98828042378 0.152649284219 -1.28355428047
-0.973695423878 0.227853508903 -1.28355428047
0.953396392055 0.301720598595 -1.28355428047
-0.927502451102 0.373817071841 -1.28355428047
0.896165556961 0.443719837867 -1.28355428047
-0.859569606987 0.511018679447 -1.28355428047
0.817929360767 0.575318660219 -1.28355428047
-0.771489179822 0.636242442327 -1.28355428047
0.720521593601 0.693432500792 -1.28355428047
-0.665325700166 0.746553221612 -1.28355428047
0.606225410967 0.795292871273 -1.28355428047
-0.543567550001 0.839365426132 -1.28355428047
0.477719818512 0.878512250911 -1.28355428047
-0.409068637171 0.912503616477 -1.28355428047
0.338016878409 0.94114004798 -1.28355428047
-0.264981502197 0.964253495453 -1.28355428047
0.190391109165 0.981708319997 -1.28355428047
-0.114683425398 0.99340208976 -1.28355428047
0.03830273369 0.999266181051 -1.28355428047
-0.03830273369 -0.999266181051 -1.15083725382
0.114683425398 -0.99340208976 -1.15083725382
-0.190391109165 -0.981708319997 -1.15083725382
0.264981502197 -0.964253495453 -1.15083725382
-0.338016878409 -0.94114004798 -1.15083725382
0.409068637171 -0.912503616477 -1.15083725382
-0.477719818512 -0.878512250911 -1.15083725382
0.543567550001 -0.839365426132 -1.15083725382
-0.606225410967 -0.795292871273 -1.15083725382
0.665325700166 -0.746553221612 -1.15083725382
-0.720521593601 -0.693432500792 -1.15083725382
0.771489179822 -0.636242442327 -1.15083725382
-0.817929360767 -0.575318660219 -1.15083725382
0.859569606987 -0.511018679447 -1.15083725382
-0.896165556961 -0.443719837867 -1.15083725382
0.927502451102 -0.373817071841 -1.15083725382
-0.953396392055 -0.301720598595 -1.15083725382
0.973695423878 -0.227853508903 -1.15083725382
-0.98828042378 -0.152649284219 -1.15083725382
0.997065801184 -0.0765492528365 -1.15083725382
-1.0 -1.01064309961e-15 -1.15083725382
0.997065801184 0.0765492528365 -1.15083725382
-0.98828042378 0.152649284219 -1.15083725382
0.973695423878 0.227853508903 -1.15083725382
-0.953396392055 0.301720598595 -1.15083725382
0.927502451102 0.373817071841 -1.15083725382
-0.896165556961 0.443719837867 -1.15083725382
0.859569606987 0.511018679447 -1.15083725382
-0.817929360767 0.575318660219 -1.15083725382
0.771489179822 0.636242442327 -1.15083725382
-0.720521593601 0.693432500792 -1.15083725382
0.665325700166 0.746553221612 -1.15083725382
-0.606225410967 0.795292871273 -1.15083725382
0.543567550001 0.839365426132 -1.15083725382
-0.477719818512 0.878512250911 -1.15083725382
0.409068637171 0.912503616477 -1.15083725382
-0.338016878409 0.94114004798 -1.15083725382
0.264981502197 0.964253495453 -1.15083725382
-0.190391109165 0.981708319997 -1.15083725382
0.114683425398 0.99340208976 -1.15083725382
-0.03830273369 0.999266181051 -1.15083725382
0.03830273369 -0.999266181051 -1.01812022717
-0.114683425398 -0.99340208976 -1.01812022717
0.190391109165 -0.981708319997 -1.01812022717
-0.264981502197 -0.964253495453 -1.01812022717
0.338016878409 -0.94114004798 -1.01812022717
-0.409068637171 -0.912503616477 -1.01812022717
0.477719818512 -0.878512250911 -1.01812022717
-0.543567550001 -0.839365426132 -1.01812022717
0.606225410967 -0.795292871273 -1.01812022717
-0.665325700166 -0.746553221612 -1.01812022717
0.720521593601 -0.693432500792 -1.01812022717
-0.771489179822 -0.636242442327 -1.01812022717
0.817929360767 -0.575318660219 -1.01812022717
-0.859569606987 -0.511018679447 -1.01812022717
0.896165556961 -0.443719837867 -1.01812022717
-0.927502451102 -0.373817071841 -1.01812022717
0.953396392055 -0.301720598595 -1.01812022717
-0.973695423878 -0.227853508903 -1.01812022717
0.98828042378 -0.152649284219 -1.01812022717
-0.997065801184 -0.0765492528365 -1.01812022717
1.0 4.4408920985e-16 -1.01812022717
-0.997065801184 0.0765492528365 -1.01812022717
0.98828042378 0.152649284219 -1.01812022717
-0.973695423878 0.227853508903 -1.01812022717
0.953396392055 0.301720598595 -1.01812022717
-0.927502451102 0.373817071841 -1.01812022717
0.896165556961 0.443719837867 -1.01812022717
-0.859569606987 0.511018679447 -1.01812022717
0.817929360767 0.575318660219 -1.01812022717
-0.771489179822 0.636242442327 -1.01812022717
0.720521593601 0.693432500792 -1.01812022717
-0.665325700166 0.746553221612 -1.01812022717
0.606225410967 0.795292871273 -1.01812022717
-0.543567550001 0.839365426132 -1.01812022717
0.477719818512 0.878512250911 -1.01812022717
-0.409068637171 0.912503616477 -1.01812022717
0.338016878409 0.94114004798 -1.01812022717
-0.264981502197 0.964253495453 -1.01812022717
0.190391109165 0.981708319997 -1.01812022717
-0.114683425398 0.99340208976 -1.01812022717
0.03830273369 0.999266181051 -1.01812022717
-0.03830273369 -0.999266181051 -0.885403200518
0.114683425398 -0.99340208976 -0.885403200518
-0.190391109165 -0.981708319997 -0.885403200518
0.264981502197 -0.964253495453 -0.885403200518
-0.338016878409 -0.94114004798 -0.885403200518
0.409068637171 -0.912503616477 -0.885403200518
-0.477719818512 -0.878512250911 -0.885403200518
0.543567550001 -0.839365426132 -0.885403200518
-0.606225410967 -0.795292871273 -0.885403200518
0.665325700166 -0.746553221612 -0.885403200518
-0.720521593601 -0.693432500792 -0.885403200518
0.771489179822 -0.636242442327 -0.885403200518
-0.817929360767 -0.575318660219 -0.885403200518
0.859569606987 -0.511018679447 -0.885403200518
-0.896165556961 -0.443719837867 -0.885403200518
0.927502451102 -0.373817071841 -0.885403200518
-0.953396392055 -0.301720598595 -0.885403200518
0.973695423878 -0.227853508903 -0.885403200518
-0.98828042378 -0.152649284219 -0.885403200518
0.997065801184 -0.0765492528365 -0.885403200518
-1.0 -1.22464679915e-16 -0.885403200518
0.997065801184 0.0765492528365 -0.885403200518
-0.98828042378 0.152649284219 -0.885403200518
0.973695423878 0.227853508903 -0.885403200518
-0.953396392055 0.301720598595 -0.885403200518
0.927502451102 0.373817071841 -0.885403200518
-0.896165556961 0.443719837867 -0.885403200518
0.859569606987 0.511018679447 -0.885403200518
-0.817929360767 0.575318660219 -0.885403200518
0.771489179822 0.636242442327 -0.885403200518
-0.720521593601 0.693432500792 -0.885403200518
0.665325700166 0.746553221612 -0.885403200518
-0.606225410967 0.795292871273 -0.885403200518
0.543567550001 0.839365426132 -0.885403200518
-0.477719818512 0.878512250911 -0.885403200518
0.409068637171 0.912503616477 -0.885403200518
-0.338016878409 0.94114004798 -0.885403200518
0.264981502197 0.964253495453 -0.885403200518
-0.190391109165 0.981708319997 -0.885403200518
0.114683425398 0.99340208976 -0.885403200518
-0.03830273369 0.999266181051 -0.885403200518
0.03830273369 -0.999266181051 -0.752686173867
-0.114683425398 -0.99340208976 -0.752686173867
0.190391109165 -0.981708319997 -0.752686173867
-0.264981502197 -0.964253495453 -0.752686173867
0.338016878409 -0.94114004798 -0.752686173867
-0.409068637171 -0.912503616477 -0.752686173867
0.477719818512 -0.878512250911 -0.752686173867
-0.543567550001 -0.839365426132 -0.752686173867
0.606225410967 -0.795292871273 -0.752686173867
-0.665325700166 -0.746553221612 -0.752686173867
0.720521593601 -0.693432500792 -0.752686173867
-0.771489179822 -0.636242442327 -0.752686173867
0.817929360767 -0.575318660219 -0.752686173867
-0.859569606987 -0.511018679447 -0.752686173867
0.896165556961 -0.443719837867 -0.752686173867
-0.927502451102 -0.373817071841 -0.752686173867
0.953396392055 -0.301720598595 -0.752686173867
-0.973695423878 -0.227853508903 -0.752686173867
0.98828042378 -0.152649284219 -0.752686173867
-0.997065801184 -0.0765492528365 -0.752686173867
1.0 2.22044604925e-16 -0.752686173867
-0.997065801184 0.0765492528365 -0.752686173867
0.98828042378 0.152649284219 -0.752686173867
-0.973695423878 0.227853508903 -0.752686173867
0.953396392055 0.301720598595 -0.752686173867
-0.927502451102 0.373817071841 -0.752686173867
0.896165556961 0.443719837867 -0.752686173867
-0.859569606987 0.511018679447 -0.752686173867
0.817929360767 0.575318660219 -0.752686173867
-0.771489179822 0.636242442327 -0.752686173867
0.720521593601 0.693432500792 -0.752686173867
-0.665325700166 0.746553221612 -0.752686173867
0.606225410967 0.795292871273 -0.752686173867
-0.543567550001 0.839365426132 -0.752686173867
0.477719818512 0.878512250911 -0.752686173867
-0.409068637171 0.912503616477 -0.752686173867
0.338016878409 0.94114004798 -0.752686173867
-0.264981502197 0.964253495453 -0.752686173867
0.190391109165 0.981708319997 -0.752686173867
-0.114683425398 0.99340208976 -0.752686173867
0.03830273369 0.999266181051 -0.752686173867
-0.03830273369 -0.999266181051 -0.619969147215
0.114683425398 -0.99340208976 -0.619969147215
-0.190391109165 -0.981708319997 -0.619969147215
0.264981502197 -0.964253495453 -0.619969147215
-0.338016878409 -0.94114004798 -0.619969147215
0.409068637171 -0.912503616477 -0.619969147215
-0.477719818512 -0.878512250911 -0.619969147215
0.543567550001 -0.839365426132 -0.619969147215
-0.606225410967 -0.795292871273 -0.619969147215
0.665325700166 -0.746553221612 -0.619969147215
-0.720521593601 -0.693432500792 -0.619969147215
0.771489179822 -0.636242442327 -0.619969147215
-0.817929360767 -0.575318660219 -0.619969147215
0.859569606987 -0.511018679447 -0.619969147215
-0.896165556961 -0.443719837867 -0.619969147215
0.927502451102 -0.373817071841 -0.619969147215
-0.953396392055 -0.301720598595 -0.619969147215
0.973695423878 -0.227853508903 -0.619969147215
-0.98828042378 -0.152649284219 -0.619969147215
0.997065801184 -0.0765492528365 -0.619969147215
-1.0 -1.01064309961e-15 -0.619969147215
0.997065801184 0.0765492528365 -0.619969147215
-0.98828042378 0.152649284219 -0.619969147215
0.973695423878 0.227853508903 -0.619969147215
-0.953396392055 0.301720598595 -0.619969147215
0.927502451102 0.373817071841 -0.619969147215
-0.896165556961 0.443719837867 -0.619969147215
0.859569606987 0.511018679447 -0.619969147215
-0.817929360767 0.575318660219 -0.619969147215
0.771489179822 0.636242442327 -0.619969147215
-0.720521593601 0.693432500792 -0.619969147215
0.665325700166 0.746553221612 -0.619969147215
-0.606225410967 0.795292871273 -0.619969147215
0.543567550001 0.839365426132 -0.619969147215
-0.477719818512 0.878512250911 -0.619969147215
0.409068637171 0.912503616477 -0.619969147215
-0.338016878409 0.94114004798 -0.619969147215
0.264981502197 0.964253495453 -0.619969147215
-0.190391109165 0.981708319997 -0.619969147215
0.114683425398 0.99340208976 -0.619969147215
-0.03830273369 0.999266181051 -0.619969147215
0.03830273369 -0.999266181051 -0.487252120564
-0.114683425398 -0.99340208976 -0.487252120564
0.190391109165 -0.981708319997 -0.487252120564
-0.264981502197 -0.964253495453 -0.487252120564
0.338016878409 -0.94114004798 -0.487252120564
-0.409068637171 -0.912503616477 -0.487252120564
0.477719818512 -0.878512250911 -0.487252120564
-0.543567550001 -0.839365426132 -0.487252120564
0.606225410967 -0.795292871273 -0.487252120564
-0.665325700166 -0.746553221612 -0.487252120564
0.720521593601 -0.693432500792 -0.487252120564
-0.771489179822 -0.636242442327 -0.487252120564
0.817929360767 -0.575318660219 -0.487252120564
-0.859569606987 -0.511018679447 -0.487252120564
0.896165556961 -0.443719837867 -0.487252120564
-0.927502451102 -0.373817071841 -0.487252120564
0.953396392055 -0.301720598595 -0.487252120564
-0.973695423878 -0.227853508903 -0.487252120564
0.98828042378 -0.152649284219 -0.487252120564
-0.997065801184 -0.0765492528365 -0.487252120564
1.0 4.4408920985e-16 -0.487252120564
-0.997065801184 0.0765492528365 -0.487252120564
0.98828042378 0.152649284219 -0.487252120564
-0.973695423878 0.227853508903 -0.487252120564
0.953396392055 0.301720598595 -0.487252120564
-0.927502451102 0.373817071841 -0.487252120564
0.896165556961 0.443719837867 -0.487252120564
-0.859569606987 0.511018679447 -0.487252120564
0.817929360767 0.575318660219 -0.487252120564
-0.771489179822 0.636242442327 -0.487252120564
0.720521593601 0.693432500792 -0.487252120564
-0.665325700166 0.746553221612 -0.487252120564
0.606225410967 0.795292871273 -0.487252120564
-0.543567550001 0.839365426132 -0.487252120564
0.477719818512 0.878512250911 -0.487252120564
-0.409068637171 0.912503616477 -0.487252120564
0.338016878409 0.94114004798 -0.487252120564
-0.264981502197 0.964253495453 -0.487252120564
0.190391109165 0.981708319997 -0.487252120564
-0.114683425398 0.99340208976 -0.487252120564
0.03830273369 0.999266181051 -0.487252120564
-0.03830273369 -0.999266181051 -0.354535093913
0.114683425398 -0.99340208976 -0.354535093913
-0.190391109165 -0.981708319997 -0.354535093913
0.264981502197 -0.964253495453 -0.354535093913
-0.338016878409 -0.94114004798 -0.354535093913
0.409068637171 -0.912503616477 -0.354535093913
-0.477719818512 -0.878512250911 -0.354535093913
0.543567550001 -0.839365426132 -0.354535093913
-0.606225410967 -0.795292871273 -0.354535093913
0.665325700166 -0.746553221612 -0.354535093913
-0.720521593601 -0.693432500792 -0.354535093913
0.771489179822 -0.636242442327 -0.354535093913
-0.817929360767 -0.575318660219 -0.354535093913
0.859569606987 -0.511018679447 -0.354535093913
-0.896165556961 -0.443719837867 -0.354535093913
0.927502451102 -0.373817071841 -0.354535093913
-0.953396392055 -0.301720598595 -0.354535093913
0.973695423878 -0.227853508903 -0.354535093913
-0.98828042378 -0.152649284219 -0.354535093913
0.997065801184 -0.0765492528365 -0.354535093913
-1.0 -1.01064309961e-15 -0.354535093913
0.997065801184 0.0765492528365 -0.354535093913
-0.98828042378 0.152649284219 -0.354535093913
0.973695423878 0.227853508903 -0.354535093913
-0.953396392055 0.301720598595 -0.354535093913
0.927502451102 0.373817071841 -0.354535093913
-0.896165556961 0.443719837867 -0.354535093913
0.859569606987 0.511018679447 -0.354535093913
-0.817929360767 0.575318660219 -0.354535093913
0.771489179822 0.636242442327 -0.354535093913
-0.720521593601 0.693432500792 -0.354535093913
0.665325700166 0.746553221612 -0.354535093913
-0.606225410967 0.795292871273 -0.354535093913
0.543567550001 0.839365426132 -0.354535093913
-0.477719818512 0.878512250911 -0.354535093913
0.409068637171 0.912503616477 -0.354535093913
-0.338016878409 0.94114004798 -0.354535093913
0.264981502197 0.964253495453 -0.354535093913
-0.190391109165 0.981708319997 -0.354535093913
0.114683425398 0.99340208976 -0.354535093913
-0.03830273369 0.999266181051 -0.354535093913
0.03830273369 -0.999266181051 -0.221818067262
-0.114683425398 -0.99340208976 -0.221818067262
0.190391109165 -0.981708319997 -0.221818067262
-0.264981502197 -0.964253495453 -0.221818067262
0.338016878409 -0.94114004798 -0.221818067262
-0.409068637171 -0.912503616477 -0.221818067262
0.477719818512 -0.878512250911 -0.221818067262
-0.543567550001 -0.839365426132 -0.221818067262
0.606225410967 -0.795292871273 -0.221818067262
-0.665325700166 -0.746553221612 -0.221818067262
0.720521593601 -0.693432500792 -0.221818067262
-0.771489179822 -0.636242442327 -0.221818067262
0.817929360767 -0.575318660219 -0.221818067262
-0.859569606987 -0.511018679447 -0.221818067262
0.896165556961 -0.443719837867 -0.221818067262
-0.927502451102 -0.373817071841 -0.221818067262
0.953396392055 -0.301720598595 -0.221818067262
-0.973695423878 -0.227853508903 -0.221818067262
0.98828042378 -0.152649284219 -0.221818067262
-0.997065801184 -0.0765492528365 -0.221818067262
1.0 6.66133814775e-16 -0.221818067262
-0.997065801184 0.0765492528365 -0.221818067262
0.98828042378 0.152649284219 -0.221818067262
-0.973695423878 0.227853508903 -0.221818067262
0.953396392055 0.301720598595 -0.221818067262
-0.927502451102 0.373817071841 -0.221818067262
0.896165556961 0.443719837867 -0.221818067262
-0.859569606987 0.511018679447 -0.221818067262
0.817929360767 0.575318660219 -0.221818067262
-0.771489179822 0.636242442327 -0.221818067262
0.720521593601 0.693432500792 -0.221818067262
-0.665325700166 0.746553221612 -0.221818067262
0.606225410967 0.795292871273 -0.221818067262
-0.543567550001 0.839365426132 -0.221818067262
0.477719818512 0.878512250911 -0.221818067262
-0.409068637171 0.912503616477 -0.221818067262
0.338016878409 0.94114004798 -0.221818067262
-0.264981502197 0.964253495453 -0.221818067262
0.190391109165 0.981708319997 -0.221818067262
-0.114683425398 0.99340208976 -0.221818067262
0.03830273369 0.999266181051 -0.221818067262
-0.03830273369 -0.999266181051 -0.0891010406103
0.114683425398 -0.99340208976 -0.0891010406103
-0.190391109165 -0.981708319997 -0.0891010406103
0.264981502197 -0.964253495453 -0.0891010406103
-0.338016878409 -0.94114004798 -0.0891010406103
0.409068637171 -0.912503616477 -0.0891010406103
-0.477719818512 -0.878512250911 -0.0891010406103
0.543567550001 -0.839365426132 -0.0891010406103
-0.606225410967 -0.795292871273 -0.0891010406103
0.665325700166 -0.746553221612 -0.0891010406103
-0.720521593601 -0.693432500792 -0.0891010406103
0.771489179822 -0.636242442327 -0.0891010406103
-0.817929360767 -0.575318660219 -0.0891010406103
0.859569606987 -0.511018679447 -0.0891010406103
-0.896165556961 -0.443719837867 -0.0891010406103
0.927502451102 -0.373817071841 -0.0891010406103
-0.953396392055 -0.301720598595 -0.0891010406103
0.973695423878 -0.227853508903 -0.0891010406103
-0.98828042378 -0.152649284219 -0.0891010406103
0.997065801184 -0.0765492528365 -0.0891010406103
-1.0 -1.22464679915e-16 -0.0891010406103
0.997065801184 0.0765492528365 -0.0891010406103
-0.98828042378 0.152649284219 -0.0891010406103
0.973695423878 0.227853508903 -0.0891010406103
-0.953396392055 0.301720598595 -0.0891010406103
0.927502451102 0.373817071841 -0.0891010406103
-0.896165556961 0.443719837867 -0.0891010406103
0.859569606987 0.511018679447 -0.0891010406103
-0.817929360767 0.575318660219 -0.0891010406103
0.771489179822 0.636242442327 -0.0891010406103
-0.720521593601 0.693432500792 -0.0891010406103
0.665325700166 0.746553221612 -0.0891010406103
-0.606225410967 0.795292871273 -0.0891010406103
0.543567550001 0.839365426132 -0.0891010406103
-0.477719818512 0.878512250911 -0.0891010406103
0.409068637171 0.912503616477 -0.0891010406103
-0.338016878409 0.94114004798 -0.0891010406103
0.264981502197 0.964253495453 -0.0891010406103
-0.190391109165 0.981708319997 -0.0891010406103
0.114683425398 0.99340208976 -0.0891010406103
-0.03830273369 0.999266181051 -0.0891010406103
0.03830273369 -0.999266181051 0.043615986041
-0.114683425398 -0.99340208976 0.043615986041
0.190391109165 -0.981708319997 0.043615986041
-0.264981502197 -0.964253495453 0.043615986041
0.338016878409 -0.94114004798 0.043615986041
-0.409068637171 -0.912503616477 0.043615986041
0.477719818512 -0.878512250911 0.043615986041
-0.543567550001 -0.839365426132 0.043615986041
0.606225410967 -0.795292871273 0.043615986041
-0.665325700166 -0.746553221612 0.043615986041
0.720521593601 -0.693432500792 0.043615986041
-0.771489179822 -0.636242442327 0.043615986041
0.817929360767 -0.575318660219 0.043615986041
-0.859569606987 -0.511018679447 0.043615986041
0.896165556961 -0.443719837867 0.043615986041
-0.927502451102 -0.373817071841 0.043615986041
0.953396392055 -0.301720598595 0.043615986041
-0.973695423878 -0.227853508903 0.043615986041
0.98828042378 -0.152649284219 0.043615986041
-0.997065801184 -0.0765492528365 0.043615986041
1.0 2.22044604925e-16 0.043615986041
-0.997065801184 0.0765492528365 0.043615986041
0.98828042378 0.152649284219 0.043615986041
-0.973695423878 0.227853508903 0.043615986041
0.953396392055 0.301720598595 0.043615986041
-0.927502451102 0.373817071841 0.043615986041
0.896165556961 0.443719837867 0.043615986041
-0.859569606987 0.511018679447 0.043615986041
0.817929360767 0.575318660219 0.043615986041
-0.771489179822 0.636242442327 0.043615986041
0.720521593601 0.693432500792 0.043615986041
-0.665325700166 0.746553221612 0.043615986041
0.606225410967 0.795292871273 0.043615986041
-0.543567550001 0.839365426132 0.043615986041
0.477719818512 0.878512250911 0.043615986041
-0.409068637171 0.912503616477 0.043615986041
0.338016878409 0.94114004798 0.043615986041
-0.264981502197 0.964253495453 0.043615986041
0.190391109165 0.981708319997 0.043615986041
-0.114683425398 0.99340208976 0.043615986041
0.03830273369 0.999266181051 0.043615986041
-0.03830273369 -0.999266181051 0.176333012692
0.114683425398 -0.99340208976 0.176333012692
-0.190391109165 -0.981708319997 0.176333012692
0.264981502197 -0.964253495453 0.176333012692
-0.338016878409 -0.94114004798 0.176333012692
0.409068637171 -0.912503616477 0.176333012692
-0.477719818512 -0.878512250911 0.176333012692
0.543567550001 -0.839365426132 0.176333012692
-0.606225410967 -0.795292871273 0.176333012692
0.665325700166 -0.746553221612 0.176333012692
-0.720521593601 -0.693432500792 0.176333012692
0.771489179822 -0.636242442327 0.176333012692
-0.817929360767 -0.575318660219 0.176333012692
0.859569606987 -0.511018679447 0.176333012692
-0.896165556961 -0.443719837867 0.176333012692
0.927502451102 -0.373817071841 0.176333012692
-0.953396392055 -0.301720598595 0.176333012692
0.973695423878 -0.227853508903 0.176333012692
-0.98828042378 -0.152649284219 0.176333012692
0.997065801184 -0.0765492528365 0.176333012692
-1.0 -1.01064309961e-15 0.176333012692
0.997065801184 0.0765492528365 0.176333012692
-0.98828042378 0.152649284219 0.176333012692
0.973695423878 0.227853508903 0.176333012692
-0.953396392055 0.301720598595 0.176333012692
0.927502451102 0.373817071841 0.176333012692
-0.896165556961 0.443719837867 0.176333012692
0.859569606987 0.511018679447 0.176333012692
-0.817929360767 0.575318660219 0.176333012692
0.771489179822 0.636242442327 0.176333012692
-0.720521593601 0.693432500792 0.176333012692
0.665325700166 0.746553221612 0.176333012692
-0.606225410967 0.795292871273 0.176333012692
0.543567550001 0.839365426132 0.176333012692
-0.477719818512 0.878512250911 0.176333012692
0.409068637171 0.912503616477 0.176333012692
-0.338016878409 0.94114004798 0.176333012692
0.264981502197 0.964253495453 0.176333012692
-0.190391109165 0.981708319997 0.176333012692
0.114683425398 0.99340208976 0.176333012692
-0.03830273369 0.999266181051 0.176333012692
0.03830273369 -0.999266181051 0.309050039344
-0.114683425398 -0.99340208976 0.309050039344
0.190391109165 -0.981708319997 0.309050039344
-0.264981502197 -0.964253495453 0.309050039344
0.338016878409 -0.94114004798 0.309050039344
-0.409068637171 -0.912503616477 0.309050039344
0.477719818512 -0.878512250911 0.309050039344
-0.543567550001 -0.839365426132 0.309050039344
0.606225410967 -0.795292871273 0.309050039344
-0.665325700166 -0.746553221612 0.309050039344
0.720521593601 -0.693432500792 0.309050039344
-0.771489179822 -0.636242442327 0.309050039344
0.817929360767 -0.575318660219 0.309050039344
-0.859569606987 -0.511018679447 0.309050039344
0.896165556961 -0.443719837867 0.309050039344
-0.927502451102 -0.373817071841 0.309050039344
0.953396392055 -0.301720598595 0.309050039344
-0.973695423878 -0.227853508903 0.309050039344
0.98828042378 -0.152649284219 0.309050039344
-0.997065801184 -0.0765492528365 0.309050039344
1.0 2.22044604925e-16 0.309050039344
-0.997065801184 0.0765492528365 0.309050039344
0.98828042378 0.152649284219 0.309050039344
-0.973695423878 0.227853508903 0.309050039344
0.953396392055 0.301720598595 0.309050039344
-0.927502451102 0.373817071841 0.309050039344
0.896165556961 0.443719837867 0.309050039344
-0.859569606987 0.511018679447 0.309050039344
0.817929360767 0.575318660219 0.309050039344
-0.771489179822 0.636242442327 0.309050039344
0.720521593601 0.693432500792 0.309050039344
-0.665325700166 0.746553221612 0.309050039344
0.606225410967 0.795292871273 0.309050039344
-0.543567550001 0.839365426132 0.309050039344
0.477719818512 0.878512250911 0.309050039344
-0.409068637171 0.912503616477 0.309050039344
0.338016878409 0.94114004798 0.309050039344
-0.264981502197 0.964253495453 0.309050039344
0.190391109165 0.981708319997 0.309050039344
-0.114683425398 0.99340208976 0.309050039344
0.03830273369 0.999266181051 0.309050039344
-0.03830273369 -0.999266181051 0.441767065995
0.114683425398 -0.99340208976 0.441767065995
-0.190391109165 -0.981708319997 0.441767065995
0.264981502197 -0.964253495453 0.441767065995
-0.338016878409 -0.94114004798 0.441767065995
0.409068637171 -0.912503616477 0.441767065995
-0.477719818512 -0.878512250911 0.441767065995
0.543567550001 -0.839365426132 0.441767065995
-0.606225410967 -0.795292871273 0.441767065995
0.665325700166 -0.746553221612 0.441767065995
-0.720521593601 -0.693432500792 0.441767065995
0.771489179822 -0.636242442327 0.441767065995
-0.817929360767 -0.575318660219 0.441767065995
0.859569606987 -0.511018679447 0.441767065995
-0.896165556961 -0.443719837867 0.441767065995
0.927502451102 -0.373817071841 0.441767065995
-0.953396392055 -0.301720598595 0.441767065995
0.973695423878 -0.227853508903 0.441767065995
-0.98828042378 -0.152649284219 0.441767065995
0.997065801184 -0.0765492528365 0.441767065995
-1.0 -1.22464679915e-16 0.441767065995
0.997065801184 0.0765492528365 0.441767065995
-0.98828042378 0.152649284219 0.441767065995
0.973695423878 0.227853508903 0.441767065995
-0.953396392055 0.301720598595 0.441767065995
0.927502451102 0.373817071841 0.441767065995
-0.896165556961 0.443719837867 0.441767065995
0.859569606987 0.511018679447 0.441767065995
-0.817929360767 0.575318660219 0.441767065995
0.771489179822 0.636242442327 0.441767065995
-0.720521593601 0.693432500792 0.441767065995
0.665325700166 0.746553221612 0.441767065995
-0.606225410967 0.795292871273 0.441767065995
0.543567550001 0.839365426132 0.441767065995
-0.477719818512 0.878512250911 0.441767065995
0.409068637171 0.912503616477 0.441767065995
-0.338016878409 0.94114004798 0.441767065995
0.264981502197 0.964253495453 0.441767065995
-0.190391109165 0.981708319997 0.441767065995
0.114683425398 0.99340208976 0.441767065995
-0.03830273369 0.999266181051 0.441767065995
0.03830273369 -0.999266181051 0.574484092646
-0.114683425398 -0.99340208976 0.574484092646
0.190391109165 -0.981708319997 0.574484092646
-0.264981502197 -0.964253495453 0.574484092646
0.338016878409 -0.94114004798 0.574484092646
-0.409068637171 -0.912503616477 0.574484092646
0.477719818512 -0.878512250911 0.574484092646
-0.543567550001 -0.839365426132 0.574484092646
0.606225410967 -0.795292871273 0.574484092646
-0.665325700166 -0.746553221612 0.574484092646
0.720521593601 -0.693432500792 0.574484092646
-0.771489179822 -0.636242442327 0.574484092646
0.817929360767 -0.575318660219 0.574484092646
-0.859569606987 -0.511018679447 0.574484092646
0.896165556961 -0.443719837867 0.574484092646
-0.927502451102 -0.373817071841 0.574484092646
0.953396392055 -0.301720598595 0.574484092646
-0.973695423878 -0.227853508903 0.574484092646
0.98828042378 -0.152649284219 0.574484092646
-0.997065801184 -0.0765492528365 0.574484092646
1.0 4.4408920985e-16 0.574484092646
-0.997065801184 0.0765492528365 0.574484092646
0.98828042378 0.152649284219 0.574484092646
-0.973695423878 0.227853508903 0.574484092646
0.953396392055 0.301720598595 0.574484092646
-0.927502451102 0.373817071841 0.574484092646
0.896165556961 0.443719837867 0.574484092646
-0.859569606987 0.511018679447 0.574484092646
0.817929360767 0.575318660219 0.574484092646
-0.771489179822 0.636242442327 0.574484092646
0.720521593601 0.693432500792 0.574484092646
-0.665325700166 0.746553221612 0.574484092646
0.606225410967 0.795292871273 0.574484092646
-0.543567550001 0.839365426132 0.574484092646
0.477719818512 0.878512250911 0.574484092646
-0.409068637171 0.912503616477 0.574484092646
0.338016878409 0.94114004798 0.574484092646
-0.264981502197 0.964253495453 0.574484092646
0.190391109165 0.981708319997 0.574484092646
-0.114683425398 0.99340208976 0.574484092646
0.03830273369 0.999266181051 0.574484092646
-0.03830273369 -0.999266181051 0.707201119297
0.114683425398 -0.99340208976 0.707201119297
-0.190391109165 -0.981708319997 0.707201119297
0.264981502197 -0.964253495453 0.707201119297
-0.338016878409 -0.94114004798 0.707201119297
0.409068637171 -0.912503616477 0.707201119297
-0.477719818512 -0.878512250911 0.707201119297
0.543567550001 -0.839365426132 0.707201119297
-0.606225410967 -0.795292871273 0.707201119297
0.665325700166 -0.746553221612 0.707201119297
-0.720521593601 -0.693432500792 0.707201119297
0.771489179822 -0.636242442327 0.707201119297
-0.817929360767 -0.575318660219 0.707201119297
0.859569606987 -0.511018679447 0.707201119297
-0.896165556961 -0.443719837867 0.707201119297
0.927502451102 -0.373817071841 0.707201119297
-0.953396392055 -0.301720598595 0.707201119297
0.973695423878 -0.227853508903 0.707201119297
-0.98828042378 -0.152649284219 0.707201119297
0.997065801184 -0.0765492528365 0.707201119297
-1.0 -1.01064309961e-15 0.707201119297
0.997065801184 0.0765492528365 0.707201119297
-0.98828042378 0.152649284219 0.707201119297
0.973695423878 0.227853508903 0.707201119297
-0.953396392055 0.301720598595 0.707201119297
0.927502451102 0.373817071841 0.707201119297
-0.896165556961 0.443719837867 0.707201119297
0.859569606987 0.511018679447 0.707201119297
-0.817929360767 0.575318660219 0.707201119297
0.771489179822 0.636242442327 0.707201119297
-0.720521593601 0.693432500792 0.707201119297
0.665325700166 0.746553221612 0.707201119297
-0.606225410967 0.795292871273 0.707201119297
0.543567550001 0.839365426132 0.707201119297
-0.477719818512 0.878512250911 0.707201119297
0.409068637171 0.912503616477 0.707201119297
-0.338016878409 0.94114004798 0.707201119297
0.264981502197 0.964253495453 0.707201119297
-0.190391109165 0.981708319997 0.707201119297
0.114683425398 0.99340208976 0.707201119297
-0.03830273369 0.999266181051 0.707201119297
0.03830273369 -0.999266181051 0.839918145949
-0.114683425398 -0.99340208976 0.839918145949
0.190391109165 -0.981708319997 0.839918145949
-0.264981502197 -0.964253495453 0.839918145949
0.338016878409 -0.94114004798 0.839918145949
-0.409068637171 -0.912503616477 0.839918145949
0.477719818512 -0.878512250911 0.839918145949
-0.543567550001 -0.839365426132 0.839918145949
0.606225410967 -0.795292871273 0.839918145949
-0.665325700166 -0.746553221612 0.839918145949
0.720521593601 -0.693432500792 0.839918145949
-0.771489179822 -0.636242442327 0.839918145949
0.817929360767 -0.575318660219 0.839918145949
-0.859569606987 -0.511018679447 0.839918145949
0.896165556961 -0.443719837867 0.839918145949
-0.927502451102 -0.373817071841 0.839918145949
0.953396392055 -0.301720598595 0.839918145949
-0.973695423878 -0.227853508903 0.839918145949
0.98828042378 -0.152649284219 0.839918145949
-0.997065801184 -0.0765492528365 0.839918145949
1.0 0.0 0.839918145949
-0.997065801184 0.0765492528365 0.839918145949
0.98828042378 0.152649284219 0.839918145949
-0.973695423878 0.227853508903 0.839918145949
0.953396392055 0.301720598595 0.839918145949
-0.927502451102 0.373817071841 0.839918145949
0.896165556961 0.443719837867 0.839918145949
-0.859569606987 0.511018679447 0.839918145949
0.817929360767 0.575318660219 0.839918145949
-0.771489179822 0.636242442327 0.839918145949
0.720521593601 0.693432500792 0.839918145949
-0.665325700166 0.746553221612 0.839918145949
0.606225410967 0.795292871273 0.839918145949
-0.543567550001 0.839365426132 0.839918145949
0.477719818512 0.878512250911 0.839918145949
-0.409068637171 0.912503616477 0.839918145949
0.338016878409 0.94114004798 0.839918145949
-0.264981502197 0.964253495453 0.839918145949
0.190391109165 0.981708319997 0.839918145949
-0.114683425398 0.99340208976 0.839918145949
0.03830273369 0.999266181051 0.839918145949
-0.03830273369 -0.999266181051 0.9726351726
0.114683425398 -0.99340208976 0.9726351726
-0.190391109165 -0.981708319997 0.9726351726
0.264981502197 -0.964253495453 0.9726351726
-0.338016878409 -0.94114004798 0.9726351726
0.409068637171 -0.912503616477 0.9726351726
-0.477719818512 -0.878512250911 0.9726351726
0.543567550001 -0.839365426132 0.9726351726
-0.606225410967 -0.795292871273 0.9726351726
0.665325700166 -0.746553221612 0.9726351726
-0.720521593601 -0.693432500792 0.9726351726
0.771489179822 -0.636242442327 0.9726351726
-0.817929360767 -0.575318660219 0.9726351726
0.859569606987 -0.511018679447 0.9726351726
-0.896165556961 -0.443719837867 0.9726351726
0.927502451102 -0.373817071841 0.9726351726
-0.953396392055 -0.301720598595 0.9726351726
0.973695423878 -0.227853508903 0.9726351726
-0.98828042378 -0.152649284219 0.9726351726
0.997065801184 -0.0765492528365 0.9726351726
-1.0 -1.22464679915e-16 0.9726351726
0.997065801184 0.0765492528365 0.9726351726
-0.98828042378 0.152649284219 0.9726351726
0.973695423878 0.227853508903 0.9726351726
-0.953396392055 0.301720598595 0.9726351726
0.927502451102 0.373817071841 0.9726351726
-0.896165556961 0.443719837867 0.9726351726
0.859569606987 0.511018679447 0.9726351726
-0.817929360767 0.575318660219 0.9726351726
0.771489179822 0.636242442327 0.9726351726
-0.720521593601 0.693432500792 0.9726351726
0.665325700166 0.746553221612 0.9726351726
-0.606225410967 0.795292871273 0.9726351726
0.543567550001 0.839365426132 0.9726351726
-0.477719818512 0.878512250911 0.9726351726
0.409068637171 0.912503616477 0.9726351726
-0.338016878409 0.94114004798 0.9726351726
0.264981502197 0.964253495453 0.9726351726
-0.190391109165 0.981708319997 0.9726351726
0.114683425398 0.99340208976 0.9726351726
-0.03830273369 0.999266181051 0.9726351726
0.03830273369 -0.999266181051 1.10535219925
-0.114683425398 -0.99340208976 1.10535219925
0.190391109165 -0.981708319997 1.10535219925
-0.264981502197 -0.964253495453 1.10535219925
0.338016878409 -0.94114004798 1.10535219925
-0.409068637171 -0.912503616477 1.10535219925
0.477719818512 -0.878512250911 1.10535219925
-0.543567550001 -0.839365426132 1.10535219925
0.606225410967 -0.795292871273 1.10535219925
-0.665325700166 -0.746553221612 1.10535219925
0.720521593601 -0.693432500792 1.10535219925
-0.771489179822 -0.636242442327 1.10535219925
0.817929360767 -0.575318660219 1.10535219925
-0.859569606987 -0.511018679447 1.10535219925
0.896165556961 -0.443719837867 1.10535219925
-0.927502451102 -0.373817071841 1.10535219925
0.953396392055 -0.301720598595 1.10535219925
-0.973695423878 -0.227853508903 1.10535219925
0.98828042378 -0.152649284219 1.10535219925
-0.997065801184 -0.0765492528365 1.10535219925
1.0 0.0 1.10535219925
-0.997065801184 0.0765492528365 1.10535219925
0.98828042378 0.152649284219 1.10535219925
-0.973695423878 0.227853508903 1.10535219925
0.953396392055 0.301720598595 1.10535219925
-0.927502451102 0.373817071841 1.10535219925
0.896165556961 0.443719837867 1.10535219925
-0.859569606987 0.511018679447 1.10535219925
0.817929360767 0.575318660219 1.10535219925
-0.771489179822 0.636242442327 1.10535219925
0.720521593601 0.693432500792 1.10535219925
-0.665325700166 0.746553221612 1.10535219925
0.606225410967 0.795292871273 1.10535219925
-0.543567550001 0.839365426132 1.10535219925
0.477719818512 0.878512250911 1.10535219925
-0.409068637171 0.912503616477 1.10535219925
0.338016878409 0.94114004798 1.10535219925
-0.264981502197 0.964253495453 1.10535219925
0.190391109165 0.981708319997 1.10535219925
-0.114683425398 0.99340208976 1.10535219925
0.03830273369 0.999266181051 1.10535219925
-0.03830273369 -0.999266181051 1.2380692259
0.114683425398 -0.99340208976 1.2380692259
-0.190391109165 -0.981708319997 1.2380692259
0.264981502197 -0.964253495453 1.2380692259
-0.338016878409 -0.94114004798 1.2380692259
0.409068637171 -0.912503616477 1.2380692259
-0.477719818512 -0.878512250911 1.2380692259
0.543567550001 -0.839365426132 1.2380692259
-0.606225410967 -0.795292871273 1.2380692259
0.665325700166 -0.746553221612 1.2380692259
-0.720521593601 -0.693432500792 1.2380692259
0.771489179822 -0.636242442327 1.2380692259
-0.817929360767 -0.575318660219 1.2380692259
0.859569606987 -0.511018679447 1.2380692259
-0.896165556961 -0.443719837867 1.2380692259
0.927502451102 -0.373817071841 1.2380692259
-0.953396392055 -0.301720598595 1.2380692259
0.973695423878 -0.227853508903 1.2380692259
-0.98828042378 -0.152649284219 1.2380692259
0.997065801184 -0.0765492528365 1.2380692259
-1.0 -5.66553889765e-16 1.2380692259
0.997065801184 0.0765492528365 1.2380692259
-0.98828042378 0.152649284219 1.2380692259
0.973695423878 0.227853508903 1.2380692259
-0.953396392055 0.301720598595 1.2380692259
0.927502451102 0.373817071841 1.2380692259
-0.896165556961 0.443719837867 1.2380692259
0.859569606987 0.511018679447 1.2380692259
-0.817929360767 0.575318660219 1.2380692259
0.771489179822 0.636242442327 1.2380692259
-0.720521593601 0.693432500792 1.2380692259
0.665325700166 0.746553221612 1.2380692259
-0.606225410967 0.795292871273 1.2380692259
0.543567550001 0.839365426132 1.2380692259
-0.477719818512 0.878512250911 1.2380692259
0.409068637171 0.912503616477 1.2380692259
-0.338016878409 0.94114004798 1.2380692259
0.264981502197 0.964253495453 1.2380692259
-0.190391109165 0.981708319997 1.2380692259
0.114683425398 0.99340208976 1.2380692259
-0.03830273369 0.999266181051 1.2380692259
0.03830273369 -0.999266181051 1.37078625255
-0.114683425398 -0.99340208976 1.37078625255
0.190391109165 -0.981708319997 1.37078625255
-0.264981502197 -0.964253495453 1.37078625255
0.338016878409 -0.94114004798 1.37078625255
-0.409068637171 -0.912503616477 1.37078625255
0.477719818512 -0.878512250911 1.37078625255
-0.543567550001 -0.839365426132 1.37078625255
0.606225410967 -0.795292871273 1.37078625255
-0.665325700166 -0.746553221612 1.37078625255
0.720521593601 -0.693432500792 1.37078625255
-0.771489179822 -0.636242442327 1.37078625255
0.817929360767 -0.575318660219 1.37078625255
-0.859569606987 -0.511018679447 1.37078625255
0.896165556961 -0.443719837867 1.37078625255
-0.927502451102 -0.373817071841 1.37078625255
0.953396392055 -0.301720598595 1.37078625255
-0.973695423878 -0.227853508903 1.37078625255
0.98828042378 -0.152649284219 1.37078625255
-0.997065801184 -0.0765492528365 1.37078625255
1.0 4.4408920985e-16 1.37078625255
-0.997065801184 0.0765492528365 1.37078625255
0.98828042378 0.152649284219 1.37078625255
-0.973695423878 0.227853508903 1.37078625255
0.953396392055 0.301720598595 1.37078625255
-0.927502451102 0.373817071841 1.37078625255
0.896165556961 0.443719837867 1.37078625255
-0.859569606987 0.511018679447 1.37078625255
0.817929360767 0.575318660219 1.37078625255
-0.771489179822 0.636242442327 1.37078625255
0.720521593601 0.693432500792 1.37078625255
-0.665325700166 0.746553221612 1.37078625255
0.606225410967 0.795292871273 1.37078625255
-0.543567550001 0.839365426132 1.37078625255
0.477719818512 0.878512250911 1.37078625255
-0.409068637171 0.912503616477 1.37078625255
0.338016878409 0.94114004798 1.37078625255
-0.264981502197 0.964253495453 1.37078625255
0.190391109165 0.981708319997 1.37078625255
-0.114683425398 0.99340208976 1.37078625255
0.03830273369 0.999266181051 1.37078625255
-0.03830273369 -0.999266181051 1.50350327921
0.114683425398 -0.99340208976 1.50350327921
-0.190391109165 -0.981708319997 1.50350327921
0.264981502197 -0.964253495453 1.50350327921
-0.338016878409 -0.94114004798 1.50350327921
0.409068637171 -0.912503616477 1.50350327921
-0.477719818512 -0.878512250911 1.50350327921
0.543567550001 -0.839365426132 1.50350327921
-0.606225410967 -0.795292871273 1.50350327921
0.665325700166 -0.746553221612 1.50350327921
-0.720521593601 -0.693432500792 1.50350327921
0.771489179822 -0.636242442327 1.50350327921
-0.817929360767 -0.575318660219 1.50350327921
0.859569606987 -0.511018679447 1.50350327921
-0.896165556961 -0.443719837867 1.50350327921
0.927502451102 -0.373817071841 1.50350327921
-0.953396392055 -0.301720598595 1.50350327921
0.973695423878 -0.227853508903 1.50350327921
-0.98828042378 -0.152649284219 1.50350327921
0.997065801184 -0.0765492528365 1.50350327921
-1.0 -5.66553889765e-16 1.50350327921
0.997065801184 0.0765492528365 1.50350327921
-0.98828042378 0.152649284219 1.50350327921
0.973695423878 0.227853508903 1.50350327921
-0.953396392055 0.301720598595 1.50350327921
0.927502451102 0.373817071841 1.50350327921
-0.896165556961 0.443719837867 1.50350327921
0.859569606987 0.511018679447 1.50350327921
-0.817929360767 0.575318660219 1.50350327921
0.771489179822 0.636242442327 1.50350327921
-0.720521593601 0.693432500792 1.50350327921
0.665325700166 0.746553221612 1.50350327921
-0.606225410967 0.795292871273 1.50350327921
0.543567550001 0.839365426132 1.50350327921
-0.477719818512 0.878512250911 1.50350327921
0.409068637171 0.912503616477 1.50350327921
-0.338016878409 0.94114004798 1.50350327921
0.264981502197 0.964253495453 1.50350327921
-0.190391109165 0.981708319997 1.50350327921
0.114683425398 0.99340208976 1.50350327921
-0.03830273369 0.999266181051 1.50350327921
0.03830273369 -0.999266181051 1.63622030586
-0.114683425398 -0.99340208976 1.63622030586
0.190391109165 -0.981708319997 1.63622030586
-0.264981502197 -0.964253495453 1.63622030586
0.338016878409 -0.94114004798 1.63622030586
-0.409068637171 -0.912503616477 1.63622030586
0.477719818512 -0.878512250911 1.63622030586
-0.543567550001 -0.839365426132 1.63622030586
0.606225410967 -0.795292871273 1.63622030586
-0.665325700166 -0.746553221612 1.63622030586
0.720521593601 -0.693432500792 1.63622030586
-0.771489179822 -0.636242442327 1.63622030586
0.817929360767 -0.575318660219 1.63622030586
-0.859569606987 -0.511018679447 1.63622030586
0.896165556961 -0.443719837867 1.63622030586
-0.927502451102 -0.373817071841 1.63622030586
0.953396392055 -0.301720598595 1.63622030586
-0.973695423878 -0.227853508903 1.63622030586
0.98828042378 -0.152649284219 1.63622030586
-0.997065801184 -0.0765492528365 1.63622030586
1.0 4.4408920985e-16 1.63622030586
-0.997065801184 0.0765492528365 1.63622030586
0.98828042378 0.152649284219 1.63622030586
-0.973695423878 0.227853508903 1.63622030586
0.953396392055 0.301720598595 1.63622030586
-0.927502451102 0.373817071841 1.63622030586
0.896165556961 0.443719837867 1.63622030586
-0.859569606987 0.511018679447 1.63622030586
0.817929360767 0.575318660219 1.63622030586
-0.771489179822 0.636242442327 1.63622030586
0.720521593601 0.693432500792 1.63622030586
-0.665325700166 0.746553221612 1.63622030586
0.606225410967 0.795292871273 1.63622030586
-0.543567550001 0.839365426132 1.63622030586
0.477719818512 0.878512250911 1.63622030586
-0.409068637171 0.912503616477 1.63622030586
0.338016878409 0.94114004798 1.63622030586
-0.264981502197 0.964253495453 1.63622030586
0.190391109165 0.981708319997 1.63622030586
-0.114683425398 0.99340208976 1.63622030586
0.03830273369 0.999266181051 1.63622030586
-0.03830273369 -0.999266181051 1.76893733251
0.114683425398 -0.99340208976 1.76893733251
-0.190391109165 -0.981708319997 1.76893733251
0.264981502197 -0.964253495453 1.76893733251
-0.338016878409 -0.94114004798 1.76893733251
0.409068637171 -0.912503616477 1.76893733251
-0.477719818512 -0.878512250911 1.76893733251
0.543567550001 -0.839365426132 1.76893733251
-0.606225410967 -0.795292871273 1.76893733251
0.665325700166 -0.746553221612 1.76893733251
-0.720521593601 -0.693432500792 1.76893733251
0.771489179822 -0.636242442327 1.76893733251
-0.817929360767 -0.575318660219 1.76893733251
0.859569606987 -0.511018679447 1.76893733251
-0.896165556961 -0.443719837867 1.76893733251
0.927502451102 -0.373817071841 1.76893733251
-0.953396392055 -0.301720598595 1.76893733251
0.973695423878 -0.227853508903 1.76893733251
-0.98828042378 -0.152649284219 1.76893733251
0.997065801184 -0.0765492528365 1.76893733251
-1.0 -5.66553889765e-16 1.76893733251
0.997065801184 0.0765492528365 1.76893733251
-0.98828042378 0.152649284219 1.76893733251
0.973695423878 0.227853508903 1.76893733251
-0.953396392055 0.301720598595 1.76893733251
0.927502451102 0.373817071841 1.76893733251
-0.896165556961 0.443719837867 1.76893733251
0.859569606987 0.511018679447 1.76893733251
-0.817929360767 0.575318660219 1.76893733251
0.771489179822 0.636242442327 1.76893733251
-0.720521593601 0.693432500792 1.76893733251
0.665325700166 0.746553221612 1.76893733251
-0.606225410967 0.795292871273 1.76893733251
0.543567550001 0.839365426132 1.76893733251
-0.477719818512 0.878512250911 1.76893733251
0.409068637171 0.912503616477 1.76893733251
-0.338016878409 0.94114004798 1.76893733251
0.264981502197 0.964253495453 1.76893733251
-0.190391109165 0.981708319997 1.76893733251
0.114683425398 0.99340208976 1.76893733251
-0.03830273369 0.999266181051 1.76893733251
0.03830273369 -0.999266181051 1.90165435916
-0.114683425398 -0.99340208976 1.90165435916
0.190391109165 -0.981708319997 1.90165435916
-0.264981502197 -0.964253495453 1.90165435916
0.338016878409 -0.94114004798 1.90165435916
-0.409068637171 -0.912503616477 1.90165435916
0.477719818512 -0.878512250911 1.90165435916
-0.543567550001 -0.839365426132 1.90165435916
0.606225410967 -0.795292871273 1.90165435916
-0.665325700166 -0.746553221612 1.90165435916
0.720521593601 -0.693432500792 1.90165435916
-0.771489179822 -0.636242442327 1.90165435916
0.817929360767 -0.575318660219 1.90165435916
-0.859569606987 -0.511018679447 1.90165435916
0.896165556961 -0.443719837867 1.90165435916
-0.927502451102 -0.373817071841 1.90165435916
0.953396392055 -0.301720598595 1.90165435916
-0.973695423878 -0.227853508903 1.90165435916
0.98828042378 -0.152649284219 1.90165435916
-0.997065801184 -0.0765492528365 1.90165435916
1.0 4.4408920985e-16 1.90165435916
-0.997065801184 0.0765492528365 1.90165435916
0.98828042378 0.152649284219 1.90165435916
-0.973695423878 0.227853508903 1.90165435916
0.953396392055 0.301720598595 1.90165435916
-0.927502451102 0.373817071841 1.90165435916
0.896165556961 0.443719837867 1.90165435916
-0.859569606987 0.511018679447 1.90165435916
0.817929360767 0.575318660219 1.90165435916
-0.771489179822 0.636242442327 1.90165435916
0.720521593601 0.693432500792 1.90165435916
-0.665325700166 0.746553221612 1.90165435916
0.606225410967 0.795292871273 1.90165435916
-0.543567550001 0.839365426132 1.90165435916
0.477719818512 0.878512250911 1.90165435916
-0.409068637171 0.912503616477 1.90165435916
0.338016878409 0.94114004798 1.90165435916
-0.264981502197 0.964253495453 1.90165435916
0.190391109165 0.981708319997 1.90165435916
-0.114683425398 0.99340208976 1.90165435916
0.03830273369 0.999266181051 1.90165435916
-0.03830273369 -0.999266181051 2.03437138581
0.114683425398 -0.99340208976 2.03437138581
-0.190391109165 -0.981708319997 2.03437138581
0.264981502197 -0.964253495453 2.03437138581
-0.338016878409 -0.94114004798 2.03437138581
0.409068637171 -0.912503616477 2.03437138581
-0.477719818512 -0.878512250911 2.03437138581
0.543567550001 -0.839365426132 2.03437138581
-0.606225410967 -0.795292871273 2.03437138581
0.665325700166 -0.746553221612 2.03437138581
-0.720521593601 -0.693432500792 2.03437138581
0.771489179822 -0.636242442327 2.03437138581
-0.817929360767 -0.575318660219 2.03437138581
0.859569606987 -0.511018679447 2.03437138581
-0.896165556961 -0.443719837867 2.03437138581
0.927502451102 -0.373817071841 2.03437138581
-0.953396392055 -0.301720598595 2.03437138581
0.973695423878 -0.227853508903 2.03437138581
-0.98828042378 -0.152649284219 2.03437138581
0.997065801184 -0.0765492528365 2.03437138581
-1.0 -1.01064309961e-15 2.03437138581
0.997065801184 0.0765492528365 2.03437138581
-0.98828042378 0.152649284219 2.03437138581
0.973695423878 0.227853508903 2.03437138581
-0.953396392055 0.301720598595 2.03437138581
0.927502451102 0.373817071841 2.03437138581
-0.896165556961 0.443719837867 2.03437138581
0.859569606987 0.511018679447 2.03437138581
-0.817929360767 0.575318660219 2.03437138581
0.771489179822 0.636242442327 2.03437138581
-0.720521593601 0.693432500792 2.03437138581
0.665325700166 0.746553221612 2.03437138581
-0.606225410967 0.795292871273 2.03437138581
0.543567550001 0.839365426132 2.03437138581
-0.477719818512 0.878512250911 2.03437138581
0.409068637171 0.912503616477 2.03437138581
-0.338016878409 0.94114004798 2.03437138581
0.264981502197 0.964253495453 2.03437138581
-0.190391109165 0.981708319997 2.03437138581
0.114683425398 0.99340208976 2.03437138581
-0.03830273369 0.999266181051 2.03437138581
0.03830273369 -0.999266181051 2.16708841246
-0.114683425398 -0.99340208976 2.16708841246
0.190391109165 -0.981708319997 2.16708841246
-0.264981502197 -0.964253495453 2.16708841246
0.338016878409 -0.94114004798 2.16708841246
-0.409068637171 -0.912503616477 2.16708841246
0.477719818512 -0.878512250911 2.16708841246
-0.543567550001 -0.839365426132 2.16708841246
0.606225410967 -0.795292871273 2.16708841246
-0.665325700166 -0.746553221612 2.16708841246
0.720521593601 -0.693432500792 2.16708841246
-0.771489179822 -0.636242442327 2.16708841246
0.817929360767 -0.575318660219 2.16708841246
-0.859569606987 -0.511018679447 2.16708841246
0.896165556961 -0.443719837867 2.16708841246
-0.927502451102 -0.373817071841 2.16708841246
0.953396392055 -0.301720598595 2.16708841246
-0.973695423878 -0.227853508903 2.16708841246
0.98828042378 -0.152649284219 2.16708841246
-0.997065801184 -0.0765492528365 2.16708841246
1.0 8.881784197e-16 2.16708841246
-0.997065801184 0.0765492528365 2.16708841246
0.98828042378 0.152649284219 2.16708841246
-0.973695423878 0.227853508903 2.16708841246
0.953396392055 0.301720598595 2.16708841246
-0.927502451102 0.373817071841 2.16708841246
0.896165556961 0.443719837867 2.16708841246
-0.859569606987 0.511018679447 2.16708841246
0.817929360767 0.575318660219 2.16708841246
-0.771489179822 0.636242442327 2.16708841246
0.720521593601 0.693432500792 2.16708841246
-0.665325700166 0.746553221612 2.16708841246
0.606225410967 0.795292871273 2.16708841246
-0.543567550001 0.839365426132 2.16708841246
0.477719818512 0.878512250911 2.16708841246
-0.409068637171 0.912503616477 2.16708841246
0.338016878409 0.94114004798 2.16708841246
-0.264981502197 0.964253495453 2.16708841246
0.190391109165 0.981708319997 2.16708841246
-0.114683425398 0.99340208976 2.16708841246
0.03830273369 0.999266181051 2.16708841246
-0.03830273369 -0.999266181051 2.29980543911
0.114683425398 -0.99340208976 2.29980543911
-0.190391109165 -0.981708319997 2.29980543911
0.264981502197 -0.964253495453 2.29980543911
-0.338016878409 -0.94114004798 2.29980543911
0.409068637171 -0.912503616477 2.29980543911
-0.477719818512 -0.878512250911 2.29980543911
0.543567550001 -0.839365426132 2.29980543911
-0.606225410967 -0.795292871273 2.29980543911
0.665325700166 -0.746553221612 2.29980543911
-0.720521593601 -0.693432500792 2.29980543911
0.771489179822 -0.636242442327 2.29980543911
-0.817929360767 -0.575318660219 2.29980543911
0.859569606987 -0.511018679447 2.29980543911
-0.896165556961 -0.443719837867 2.29980543911
0.927502451102 -0.373817071841 2.29980543911
-0.953396392055 -0.301720598595 2.29980543911
0.973695423878 -0.227853508903 2.29980543911
-0.98828042378 -0.152649284219 2.29980543911
0.997065801184 -0.0765492528365 2.29980543911
-1.0 1.22464679915e-16 2.29980543911
0.997065801184 0.0765492528365 2.29980543911
-0.98828042378 0.152649284219 2.29980543911
0.973695423878 0.227853508903 2.29980543911
-0.953396392055 0.301720598595 2.29980543911
0.927502451102 0.373817071841 2.29980543911
-0.896165556961 0.443719837867 2.29980543911
0.859569606987 0.511018679447 2.29980543911
-0.817929360767 0.575318660219 2.29980543911
0.771489179822 0.636242442327 2.29980543911
-0.720521593601 0.693432500792 2.29980543911
0.665325700166 0.746553221612 2.29980543911
-0.606225410967 0.795292871273 2.29980543911
0.543567550001 0.839365426132 2.29980543911
-0.477719818512 0.878512250911 2.29980543911
0.409068637171 0.912503616477 2.29980543911
-0.338016878409 0.94114004798 2.29980543911
0.264981502197 0.964253495453 2.29980543911
-0.190391109165 0.981708319997 2.29980543911
0.114683425398 0.99340208976 2.29980543911
-0.03830273369 0.999266181051 2.29980543911
0.03830273369 -0.999266181051 2.43252246576
-0.114683425398 -0.99340208976 2.43252246576
0.190391109165 -0.981708319997 2.43252246576
-0.264981502197 -0.964253495453 2.43252246576
0.338016878409 -0.94114004798 2.43252246576
-0.409068637171 -0.912503616477 2.43252246576
0.477719818512 -0.878512250911 2.43252246576
-0.543567550001 -0.839365426132 2.43252246576
0.606225410967 -0.795292871273 2.43252246576
-0.665325700166 -0.746553221612 2.43252246576
0.720521593601 -0.693432500792 2.43252246576
-0.771489179822 -0.636242442327 2.43252246576
0.817929360767 -0.575318660219 2.43252246576
-0.859569606987 -0.511018679447 2.43252246576
0.896165556961 -0.443719837867 2.43252246576
-0.927502451102 -0.373817071841 2.43252246576
0.953396392055 -0.301720598595 2.43252246576
-0.973695423878 -0.227853508903 2.43252246576
0.98828042378 -0.152649284219 2.43252246576
-0.997065801184 -0.0765492528365 2.43252246576
1.0 4.4408920985e-16 2.43252246576
-0.997065801184 0.0765492528365 2.43252246576
0.98828042378 0.152649284219 2.43252246576
-0.973695423878 0.227853508903 2.43252246576
0.953396392055 0.301720598595 2.43252246576
-0.927502451102 0.373817071841 2.43252246576
0.896165556961 0.443719837867 2.43252246576
-0.859569606987 0.511018679447 2.43252246576
0.817929360767 0.575318660219 2.43252246576
-0.771489179822 0.636242442327 2.43252246576
0.720521593601 0.693432500792 2.43252246576
-0.665325700166 0.746553221612 2.43252246576
0.606225410967 0.795292871273 2.43252246576
-0.543567550001 0.839365426132 2.43252246576
0.477719818512 0.878512250911 2.43252246576
-0.409068637171 0.912503616477 2.43252246576
0.338016878409 0.94114004798 2.43252246576
-0.264981502197 0.964253495453 2.43252246576
0.190391109165 0.981708319997 2.43252246576
-0.114683425398 0.99340208976 2.43252246576
0.03830273369 0.999266181051 2.43252246576
-0.03830273369 -0.999266181051 2.56523949242
0.114683425398 -0.99340208976 2.56523949242
-0.190391109165 -0.981708319997 2.56523949242
0.264981502197 -0.964253495453 2.56523949242
-0.338016878409 -0.94114004798 2.56523949242
0.409068637171 -0.912503616477 2.56523949242
-0.477719818512 -0.878512250911 2.56523949242
0.543567550001 -0.839365426132 2.56523949242
-0.606225410967 -0.795292871273 2.56523949242
0.665325700166 -0.746553221612 2.56523949242
-0.720521593601 -0.693432500792 2.56523949242
0.771489179822 -0.636242442327 2.56523949242
-0.817929360767 -0.575318660219 2.56523949242
0.859569606987 -0.511018679447 2.56523949242
-0.896165556961 -0.443719837867 2.56523949242
0.927502451102 -0.373817071841 2.56523949242
-0.953396392055 -0.301720598595 2.56523949242
0.973695423878 -0.227853508903 2.56523949242
-0.98828042378 -0.152649284219 2.56523949242
0.997065801184 -0.0765492528365 2.56523949242
-1.0 -3.21624529935e-16 2.56523949242
0.997065801184 0.0765492528365 2.56523949242
-0.98828042378 0.152649284219 2.56523949242
0.973695423878 0.227853508903 2.56523949242
-0.953396392055 0.301720598595 2.56523949242
0.927502451102 0.373817071841 2.56523949242
-0.896165556961 0.443719837867 2.56523949242
0.859569606987 0.511018679447 2.56523949242
-0.817929360767 0.575318660219 2.56523949242
0.771489179822 0.636242442327 2.56523949242
-0.720521593601 0.693432500792 2.56523949242
0.665325700166 0.746553221612 2.56523949242
-0.606225410967 0.795292871273 2.56523949242
0.543567550001 0.839365426132 2.56523949242
-0.477719818512 0.878512250911 2.56523949242
0.409068637171 0.912503616477 2.56523949242
-0.338016878409 0.94114004798 2.56523949242
0.264981502197 0.964253495453 2.56523949242
-0.190391109165 0.981708319997 2.56523949242
0.114683425398 0.99340208976 2.56523949242
-0.03830273369 0.999266181051 2.56523949242
0.03830273369 -0.999266181051 2.69795651907
-0.114683425398 -0.99340208976 2.69795651907
0.190391109165 -0.981708319997 2.69795651907
-0.264981502197 -0.964253495453 2.69795651907
0.338016878409 -0.94114004798 2.69795651907
-0.409068637171 -0.912503616477 2.69795651907
0.477719818512 -0.878512250911 2.69795651907
-0.543567550001 -0.839365426132 2.69795651907
0.606225410967 -0.795292871273 2.69795651907
-0.665325700166 -0.746553221612 2.69795651907
0.720521593601 -0.693432500792 2.69795651907
-0.771489179822 -0.636242442327 2.69795651907
0.817929360767 -0.575318660219 2.69795651907
-0.859569606987 -0.511018679447 2.69795651907
0.896165556961 -0.443719837867 2.69795651907
-0.927502451102 -0.373817071841 2.69795651907
0.953396392055 -0.301720598595 2.69795651907
-0.973695423878 -0.227853508903 2.69795651907
0.98828042378 -0.152649284219 2.69795651907
-0.997065801184 -0.0765492528365 2.69795651907
1.0 8.881784197e-16 2.69795651907
-0.997065801184 0.0765492528365 2.69795651907
0.98828042378 0.152649284219 2.69795651907
-0.973695423878 0.227853508903 2.69795651907
0.953396392055 0.301720598595 2.69795651907
-0.927502451102 0.373817071841 2.69795651907
0.896165556961 0.443719837867 2.69795651907
-0.859569606987 0.511018679447 2.69795651907
0.817929360767 0.575318660219 2.69795651907
-0.771489179822 0.636242442327 2.69795651907
0.720521593601 0.693432500792 2.69795651907
-0.665325700166 0.746553221612 2.69795651907
0.606225410967 0.795292871273 2.69795651907
-0.543567550001 0.839365426132 2.69795651907
0.477719818512 0.878512250911 2.69795651907
-0.409068637171 0.912503616477 2.69795651907
0.338016878409 0.94114004798 2.69795651907
-0.264981502197 0.964253495453 2.69795651907
0.190391109165 0.981708319997 2.69795651907
-0.114683425398 0.99340208976 2.69795651907
0.03830273369 0.999266181051 2.69795651907
-0.03830273369 -0.999266181051 2.83067354572
0.114683425398 -0.99340208976 2.83067354572
-0.190391109165 -0.981708319997 2.83067354572
0.264981502197 -0.964253495453 2.83067354572
-0.338016878409 -0.94114004798 2.83067354572
0.409068637171 -0.912503616477 2.83067354572
-0.477719818512 -0.878512250911 2.83067354572
0.543567550001 -0.839365426132 2.83067354572
-0.606225410967 -0.795292871273 2.83067354572
0.665325700166 -0.746553221612 2.83067354572
-0.720521593601 -0.693432500792 2.83067354572
0.771489179822 -0.636242442327 2.83067354572
-0.817929360767 -0.575318660219 2.83067354572
0.859569606987 -0.511018679447 2.83067354572
-0.896165556961 -0.443719837867 2.83067354572
0.927502451102 -0.373817071841 2.83067354572
-0.953396392055 -0.301720598595 2.83067354572
0.973695423878 -0.227853508903 2.83067354572
-0.98828042378 -0.152649284219 2.83067354572
0.997065801184 -0.0765492528365 2.83067354572
-1.0 1.22464679915e-16 2.83067354572
0.997065801184 0.0765492528365 2.83067354572
-0.98828042378 0.152649284219 2.83067354572
0.973695423878 0.227853508903 2.83067354572
-0.953396392055 0.301720598595 2.83067354572
0.927502451102 0.373817071841 2.83067354572
-0.896165556961 0.443719837867 2.83067354572
0.859569606987 0.511018679447 2.83067354572
-0.817929360767 0.575318660219 2.83067354572
0.771489179822 0.636242442327 2.83067354572
-0.720521593601 0.693432500792 2.83067354572
0.665325700166 0.746553221612 2.83067354572
-0.606225410967 0.795292871273 2.83067354572
0.543567550001 0.839365426132 2.83067354572
-0.477719818512 0.878512250911 2.83067354572
0.409068637171 0.912503616477 2.83067354572
-0.338016878409 0.94114004798 2.83067354572
0.264981502197 0.964253495453 2.83067354572
-0.190391109165 0.981708319997 2.83067354572
0.114683425398 0.99340208976 2.83067354572
-0.03830273369 0.999266181051 2.83067354572
0.03830273369 -0.999266181051 2.96339057237
-0.114683425398 -0.99340208976 2.96339057237
0.190391109165 -0.981708319997 2.96339057237
-0.264981502197 -0.964253495453 2.96339057237
0.338016878409 -0.94114004798 2.96339057237
-0.409068637171 -0.912503616477 2.96339057237
0.477719818512 -0.878512250911 2.96339057237
-0.543567550001 -0.839365426132 2.96339057237
0.606225410967 -0.795292871273 2.96339057237
-0.665325700166 -0.746553221612 2.96339057237
0.720521593601 -0.693432500792 2.96339057237
-0.771489179822 -0.636242442327 2.96339057237
0.817929360767 -0.575318660219 2.96339057237
-0.859569606987 -0.511018679447 2.96339057237
0.896165556961 -0.443719837867 2.96339057237
-0.927502451102 -0.373817071841 2.96339057237
0.953396392055 -0.301720598595 2.96339057237
-0.973695423878 -0.227853508903 2.96339057237
0.98828042378 -0.152649284219 2.96339057237
-0.997065801184 -0.0765492528365 2.96339057237
1.0 4.4408920985e-16 2.96339057237
-0.997065801184 0.0765492528365 2.96339057237
0.98828042378 0.152649284219 2.96339057237
-0.973695423878 0.227853508903 2.96339057237
0.953396392055 0.301720598595 2.96339057237
-0.927502451102 0.373817071841 2.96339057237
0.896165556961 0.443719837867 2.96339057237
-0.859569606987 0.511018679447 2.96339057237
0.817929360767 0.575318660219 2.96339057237
-0.771489179822 0.636242442327 2.96339057237
0.720521593601 0.693432500792 2.96339057237
-0.665325700166 0.746553221612 2.96339057237
0.606225410967 0.795292871273 2.96339057237
-0.543567550001 0.839365426132 2.96339057237
0.477719818512 0.878512250911 2.96339057237
-0.409068637171 0.912503616477 2.96339057237
0.338016878409 0.94114004798 2.96339057237
-0.264981502197 0.964253495453 2.96339057237
0.190391109165 0.981708319997 2.96339057237
-0.114683425398 0.99340208976 2.96339057237
0.03830273369 0.999266181051 2.96339057237
-0.03830273369 -0.999266181051 3.09610759902
0.114683425398 -0.99340208976 3.09610759902
-0.190391109165 -0.981708319997 3.09610759902
0.264981502197 -0.964253495453 3.09610759902
-0.338016878409 -0.94114004798 3.09610759902
0.409068637171 -0.912503616477 3.09610759902
-0.477719818512 -0.878512250911 3.09610759902
0.543567550001 -0.839365426132 3.09610759902
-0.606225410967 -0.795292871273 3.09610759902
0.665325700166 -0.746553221612 3.09610759902
-0.720521593601 -0.693432500792 3.09610759902
0.771489179822 -0.636242442327 3.09610759902
-0.817929360767 -0.575318660219 3.09610759902
0.859569606987 -0.511018679447 3.09610759902
-0.896165556961 -0.443719837867 3.09610759902
0.927502451102 -0.373817071841 3.09610759902
-0.953396392055 -0.301720598595 3.09610759902
0.973695423878 -0.227853508903 3.09610759902
-0.98828042378 -0.152649284219 3.09610759902
0.997065801184 -0.0765492528365 3.09610759902
-1.0 1.22464679915e-16 3.09610759902
0.997065801184 0.0765492528365 3.09610759902
-0.98828042378 0.152649284219 3.09610759902
0.973695423878 0.227853508903 3.09610759902
-0.953396392055 0.301720598595 3.09610759902
0.927502451102 0.373817071841 3.09610759902
-0.896165556961 0.443719837867 3.09610759902
0.859569606987 0.511018679447 3.09610759902
-0.817929360767 0.575318660219 3.09610759902
0.771489179822 0.636242442327 3.09610759902
-0.720521593601 0.693432500792 3.09610759902
0.665325700166 0.746553221612 3.09610759902
-0.606225410967 0.795292871273 3.09610759902
0.543567550001 0.839365426132 3.09610759902
-0.477719818512 0.878512250911 3.09610759902
0.409068637171 0.912503616477 3.09610759902
-0.338016878409 0.94114004798 3.09610759902
0.264981502197 0.964253495453 3.09610759902
-0.190391109165 0.981708319997 3.09610759902
0.114683425398 0.99340208976 3.09610759902
-0.03830273369 0.999266181051 3.09610759902
0.03830273369 -0.999266181051 3.22882462567
-0.114683425398 -0.99340208976 3.22882462567
0.190391109165 -0.981708319997 3.22882462567
-0.264981502197 -0.964253495453 3.22882462567
0.338016878409 -0.94114004798 3.22882462567
-0.409068637171 -0.912503616477 3.22882462567
0.477719818512 -0.878512250911 3.22882462567
-0.543567550001 -0.839365426132 3.22882462567
0.606225410967 -0.795292871273 3.22882462567
-0.665325700166 -0.746553221612 3.22882462567
0.720521593601 -0.693432500792 3.22882462567
-0.771489179822 -0.636242442327 3.22882462567
0.817929360767 -0.575318660219 3.22882462567
-0.859569606987 -0.511018679447 3.22882462567
0.896165556961 -0.443719837867 3.22882462567
-0.927502451102 -0.373817071841 3.22882462567
0.953396392055 -0.301720598595 3.22882462567
-0.973695423878 -0.227853508903 3.22882462567
0.98828042378 -0.152649284219 3.22882462567
-0.997065801184 -0.0765492528365 3.22882462567
1.0 4.4408920985e-16 3.22882462567
-0.997065801184 0.0765492528365 3.22882462567
0.98828042378 0.152649284219 3.22882462567
-0.973695423878 0.227853508903 3.22882462567
0.953396392055 0.301720598595 3.22882462567
-0.927502451102 0.373817071841 3.22882462567
0.896165556961 0.443719837867 3.22882462567
-0.859569606987 0.511018679447 3.22882462567
0.817929360767 0.575318660219 3.22882462567
-0.771489179822 0.636242442327 3.22882462567
0.720521593601 0.693432500792 3.22882462567
-0.665325700166 0.746553221612 3.22882462567
0.606225410967 0.795292871273 3.22882462567
-0.543567550001 0.839365426132 3.22882462567
0.477719818512 0.878512250911 3.22882462567
-0.409068637171 0.912503616477 3.22882462567
0.338016878409 0.94114004798 3.22882462567
-0.264981502197 0.964253495453 3.22882462567
0.190391109165 0.981708319997 3.22882462567
-0.114683425398 0.99340208976 3.22882462567
0.03830273369 0.999266181051 3.22882462567
-0.03830273369 -0.999266181051 3.36154165232
0.114683425398 -0.99340208976 3.36154165232
-0.190391109165 -0.981708319997 3.36154165232
0.264981502197 -0.964253495453 3.36154165232
-0.338016878409 -0.94114004798 3.36154165232
0.409068637171 -0.912503616477 3.36154165232
-0.477719818512 -0.878512250911 3.36154165232
0.543567550001 -0.839365426132 3.36154165232
-0.606225410967 -0.795292871273 3.36154165232
0.665325700166 -0.746553221612 3.36154165232
-0.720521593601 -0.693432500792 3.36154165232
0.771489179822 -0.636242442327 3.36154165232
-0.817929360767 -0.575318660219 3.36154165232
0.859569606987 -0.511018679447 3.36154165232
-0.896165556961 -0.443719837867 3.36154165232
0.927502451102 -0.373817071841 3.36154165232
-0.953396392055 -0.301720598595 3.36154165232
0.973695423878 -0.227853508903 3.36154165232
-0.98828042378 -0.152649284219 3.36154165232
0.997065801184 -0.0765492528365 3.36154165232
-1.0 -1.249000902703301e-16 3.36154165232
0.997065801184 0.07654925283650045 3.36154165232
-0.98828042378 0.152649284219 3.36154165232
0.973695423878 0.227853508903 3.36154165232
-0.953396392055 0.301720598595 3.36154165232
0.927502451102 0.373817071841 3.36154165232
-0.896165556961 0.443719837867 3.36154165232
0.859569606987 0.511018679447 3.36154165232
-0.817929360767 0.575318660219 3.36154165232
0.771489179822 0.636242442327 3.36154165232
-0.720521593601 0.693432500792 3.36154165232
0.665325700166 0.746553221612 3.36154165232
-0.606225410967 0.795292871273 3.36154165232
0.543567550001 0.839365426132 3.36154165232
-0.477719818512 0.878512250911 3.36154165232
0.409068637171 0.912503616477 3.36154165232
-0.338016878409 0.94114004798 3.36154165232
0.264981502197 0.964253495453 3.36154165232
-0.190391109165 0.981708319997 3.36154165232
0.114683425398 0.99340208976 3.36154165232
-0.03830273369 0.999266181051 3.36154165232
-0.03830273369 -0.999266181051 -3.27430968024
0.114683425398 -0.99340208976 -3.27430968024
-0.190391109165 -0.981708319997 -3.27430968024
0.264981502197 -0.964253495453 -3.27430968024
-0.338016878409 -0.94114004798 -3.27430968024
0.409068637171 -0.912503616477 -3.27430968024
-0.477719818512 -0.878512250911 -3.27430968024
0.543567550001 -0.839365426132 -3.27430968024
-0.606225410967 -0.795292871273 -3.27430968024
0.665325700166 -0.746553221612 -3.27430968024
-0.720521593601 -0.693432500792 -3.27430968024
0.771489179822 -0.636242442327 -3.27430968024
-0.817929360767 -0.575318660219 -3.27430968024
0.859569606987 -0.511018679447 -3.27430968024
-0.896165556961 -0.443719837867 -3.27430968024
0.927502451102 -0.373817071841 -3.27430968024
-0.953396392055 -0.301720598595 -3.27430968024
0.973695423878 -0.227853508903 -3.27430968024
-0.98828042378 -0.152649284219 -3.27430968024
0.997065801184 -0.0765492528365 -3.27430968024
-1.0 1.249000902703301e-16 -3.27430968024
0.997065801184 0.07654925283649956 -3.27430968024
-0.98828042378 0.152649284219 -3.27430968024
0.973695423878 0.227853508903 -3.27430968024
-0.953396392055 0.301720598595 -3.27430968024
0.927502451102 0.373817071841 -3.27430968024
-0.896165556961 0.443719837867 -3.27430968024
0.859569606987 0.511018679447 -3.27430968024
-0.817929360767 0.575318660219 -3.27430968024
0.771489179822 0.636242442327 -3.27430968024
-0.720521593601 0.693432500792 -3.27430968024
0.665325700166 0.746553221612 -3.27430968024
-0.606225410967 0.795292871273 -3.27430968024
0.543567550001 0.839365426132 -3.27430968024
-0.477719818512 0.878512250911 -3.27430968024
0.409068637171 0.912503616477 -3.27430968024
-0.338016878409 0.94114004798 -3.27430968024
0.264981502197 0.964253495453 -3.27430968024
-0.190391109165 0.981708319997 -3.27430968024
0.114683425398 0.99340208976 -3.27430968024
-0.03830273369000001 0.999266181051 -3.27430968024