2304 Triangles
3 0 291 290 
3 291 1 292 
3 292 2 290 
3 291 292 290 
3 0 290 293 
3 290 2 294 
3 294 3 293 
3 290 294 293 
3 0 293 295 
3 293 3 296 
3 296 4 295 
3 293 296 295 
3 0 295 297 
3 295 4 298 
3 298 5 297 
3 295 298 297 
3 0 297 299 
3 297 5 300 
3 300 6 299 
3 297 300 299 
3 0 299 301 
3 299 6 302 
3 302 7 301 
3 299 302 301 
3 0 301 303 
3 301 7 304 
3 304 8 303 
3 301 304 303 
3 0 303 291 
3 303 8 305 
3 305 1 291 
3 303 305 291 
3 1 307 306 
3 307 9 308 
3 308 10 306 
3 307 308 306 
3 1 306 292 
3 306 10 309 
3 309 2 292 
3 306 309 292 
3 2 309 310 
3 309 10 311 
3 311 11 310 
3 309 311 310 
3 2 310 294 
3 310 11 312 
3 312 3 294 
3 310 312 294 
3 3 312 313 
3 312 11 314 
3 314 12 313 
3 312 314 313 
3 3 313 296 
3 313 12 315 
3 315 4 296 
3 313 315 296 
3 4 315 316 
3 315 12 317 
3 317 13 316 
3 315 317 316 
3 4 316 298 
3 316 13 318 
3 318 5 298 
3 316 318 298 
3 5 318 319 
3 318 13 320 
3 320 14 319 
3 318 320 319 
3 5 319 300 
3 319 14 321 
3 321 6 300 
3 319 321 300 
3 6 321 322 
3 321 14 323 
3 323 15 322 
3 321 323 322 
3 6 322 302 
3 322 15 324 
3 324 7 302 
3 322 324 302 
3 7 324 325 
3 324 15 326 
3 326 16 325 
3 324 326 325 
3 7 325 304 
3 325 16 327 
3 327 8 304 
3 325 327 304 
3 8 327 328 
3 327 16 329 
3 329 9 328 
3 327 329 328 
3 8 328 305 
3 328 9 307 
3 307 1 305 
3 328 307 305 
3 9 331 330 
3 331 17 332 
3 332 18 330 
3 331 332 330 
3 9 330 308 
3 330 18 333 
3 333 10 308 
3 330 333 308 
3 10 333 334 
3 333 18 335 
3 335 19 334 
3 333 335 334 
3 10 334 311 
3 334 19 336 
3 336 11 311 
3 334 336 311 
3 11 336 337 
3 336 19 338 
3 338 20 337 
3 336 338 337 
3 11 337 314 
3 337 20 339 
3 339 12 314 
3 337 339 314 
3 12 339 340 
3 339 20 341 
3 341 21 340 
3 339 341 340 
3 12 340 317 
3 340 21 342 
3 342 13 317 
3 340 342 317 
3 13 342 343 
3 342 21 344 
3 344 22 343 
3 342 344 343 
3 13 343 320 
3 343 22 345 
3 345 14 320 
3 343 345 320 
3 14 345 346 
3 345 22 347 
3 347 23 346 
3 345 347 346 
3 14 346 323 
3 346 23 348 
3 348 15 323 
3 346 348 323 
3 15 348 349 
3 348 23 350 
3 350 24 349 
3 348 350 349 
3 15 349 326 
3 349 24 351 
3 351 16 326 
3 349 351 326 
3 16 351 352 
3 351 24 353 
3 353 17 352 
3 351 353 352 
3 16 352 329 
3 352 17 331 
3 331 9 329 
3 352 331 329 
3 17 355 354 
3 355 25 356 
3 356 26 354 
3 355 356 354 
3 17 354 332 
3 354 26 357 
3 357 18 332 
3 354 357 332 
3 18 357 358 
3 357 26 359 
3 359 27 358 
3 357 359 358 
3 18 358 335 
3 358 27 360 
3 360 19 335 
3 358 360 335 
3 19 360 361 
3 360 27 362 
3 362 28 361 
3 360 362 361 
3 19 361 338 
3 361 28 363 
3 363 20 338 
3 361 363 338 
3 20 363 364 
3 363 28 365 
3 365 29 364 
3 363 365 364 
3 20 364 341 
3 364 29 366 
3 366 21 341 
3 364 366 341 
3 21 366 367 
3 366 29 368 
3 368 30 367 
3 366 368 367 
3 21 367 344 
3 367 30 369 
3 369 22 344 
3 367 369 344 
3 22 369 370 
3 369 30 371 
3 371 31 370 
3 369 371 370 
3 22 370 347 
3 370 31 372 
3 372 23 347 
3 370 372 347 
3 23 372 373 
3 372 31 374 
3 374 32 373 
3 372 374 373 
3 23 373 350 
3 373 32 375 
3 375 24 350 
3 373 375 350 
3 24 375 376 
3 375 32 377 
3 377 25 376 
3 375 377 376 
3 24 376 353 
3 376 25 355 
3 355 17 353 
3 376 355 353 
3 25 379 378 
3 379 33 380 
3 380 34 378 
3 379 380 378 
3 25 378 356 
3 378 34 381 
3 381 26 356 
3 378 381 356 
3 26 381 382 
3 381 34 383 
3 383 35 382 
3 381 383 382 
3 26 382 359 
3 382 35 384 
3 384 27 359 
3 382 384 359 
3 27 384 385 
3 384 35 386 
3 386 36 385 
3 384 386 385 
3 27 385 362 
3 385 36 387 
3 387 28 362 
3 385 387 362 
3 28 387 388 
3 387 36 389 
3 389 37 388 
3 387 389 388 
3 28 388 365 
3 388 37 390 
3 390 29 365 
3 388 390 365 
3 29 390 391 
3 390 37 392 
3 392 38 391 
3 390 392 391 
3 29 391 368 
3 391 38 393 
3 393 30 368 
3 391 393 368 
3 30 393 394 
3 393 38 395 
3 395 39 394 
3 393 395 394 
3 30 394 371 
3 394 39 396 
3 396 31 371 
3 394 396 371 
3 31 396 397 
3 396 39 398 
3 398 40 397 
3 396 398 397 
3 31 397 374 
3 397 40 399 
3 399 32 374 
3 397 399 374 
3 32 399 400 
3 399 40 401 
3 401 33 400 
3 399 401 400 
3 32 400 377 
3 400 33 379 
3 379 25 377 
3 400 379 377 
3 33 403 402 
3 403 41 404 
3 404 42 402 
3 403 404 402 
3 33 402 380 
3 402 42 405 
3 405 34 380 
3 402 405 380 
3 34 405 406 
3 405 42 407 
3 407 43 406 
3 405 407 406 
3 34 406 383 
3 406 43 408 
3 408 35 383 
3 406 408 383 
3 35 408 409 
3 408 43 410 
3 410 44 409 
3 408 410 409 
3 35 409 386 
3 409 44 411 
3 411 36 386 
3 409 411 386 
3 36 411 412 
3 411 44 413 
3 413 45 412 
3 411 413 412 
3 36 412 389 
3 412 45 414 
3 414 37 389 
3 412 414 389 
3 37 414 415 
3 414 45 416 
3 416 46 415 
3 414 416 415 
3 37 415 392 
3 415 46 417 
3 417 38 392 
3 415 417 392 
3 38 417 418 
3 417 46 419 
3 419 47 418 
3 417 419 418 
3 38 418 395 
3 418 47 420 
3 420 39 395 
3 418 420 395 
3 39 420 421 
3 420 47 422 
3 422 48 421 
3 420 422 421 
3 39 421 398 
3 421 48 423 
3 423 40 398 
3 421 423 398 
3 40 423 424 
3 423 48 425 
3 425 41 424 
3 423 425 424 
3 40 424 401 
3 424 41 403 
3 403 33 401 
3 424 403 401 
3 41 427 426 
3 427 49 428 
3 428 50 426 
3 427 428 426 
3 41 426 404 
3 426 50 429 
3 429 42 404 
3 426 429 404 
3 42 429 430 
3 429 50 431 
3 431 51 430 
3 429 431 430 
3 42 430 407 
3 430 51 432 
3 432 43 407 
3 430 432 407 
3 43 432 433 
3 432 51 434 
3 434 52 433 
3 432 434 433 
3 43 433 410 
3 433 52 435 
3 435 44 410 
3 433 435 410 
3 44 435 436 
3 435 52 437 
3 437 53 436 
3 435 437 436 
3 44 436 413 
3 436 53 438 
3 438 45 413 
3 436 438 413 
3 45 438 439 
3 438 53 440 
3 440 54 439 
3 438 440 439 
3 45 439 416 
3 439 54 441 
3 441 46 416 
3 439 441 416 
3 46 441 442 
3 441 54 443 
3 443 55 442 
3 441 443 442 
3 46 442 419 
3 442 55 444 
3 444 47 419 
3 442 444 419 
3 47 444 445 
3 444 55 446 
3 446 56 445 
3 444 446 445 
3 47 445 422 
3 445 56 447 
3 447 48 422 
3 445 447 422 
3 48 447 448 
3 447 56 449 
3 449 49 448 
3 447 449 448 
3 48 448 425 
3 448 49 427 
3 427 41 425 
3 448 427 425 
3 49 451 450 
3 451 57 452 
3 452 58 450 
3 451 452 450 
3 49 450 428 
3 450 58 453 
3 453 50 428 
3 450 453 428 
3 50 453 454 
3 453 58 455 
3 455 59 454 
3 453 455 454 
3 50 454 431 
3 454 59 456 
3 456 51 431 
3 454 456 431 
3 51 456 457 
3 456 59 458 
3 458 60 457 
3 456 458 457 
3 51 457 434 
3 457 60 459 
3 459 52 434 
3 457 459 434 
3 52 459 460 
3 459 60 461 
3 461 61 460 
3 459 461 460 
3 52 460 437 
3 460 61 462 
3 462 53 437 
3 460 462 437 
3 53 462 463 
3 462 61 464 
3 464 62 463 
3 462 464 463 
3 53 463 440 
3 463 62 465 
3 465 54 440 
3 463 465 440 
3 54 465 466 
3 465 62 467 
3 467 63 466 
3 465 467 466 
3 54 466 443 
3 466 63 468 
3 468 55 443 
3 466 468 443 
3 55 468 469 
3 468 63 470 
3 470 64 469 
3 468 470 469 
3 55 469 446 
3 469 64 471 
3 471 56 446 
3 469 471 446 
3 56 471 472 
3 471 64 473 
3 473 57 472 
3 471 473 472 
3 56 472 449 
3 472 57 451 
3 451 49 449 
3 472 451 449 
3 57 475 474 
3 475 65 476 
3 476 66 474 
3 475 476 474 
3 57 474 452 
3 474 66 477 
3 477 58 452 
3 474 477 452 
3 58 477 478 
3 477 66 479 
3 479 67 478 
3 477 479 478 
3 58 478 455 
3 478 67 480 
3 480 59 455 
3 478 480 455 
3 59 480 481 
3 480 67 482 
3 482 68 481 
3 480 482 481 
3 59 481 458 
3 481 68 483 
3 483 60 458 
3 481 483 458 
3 60 483 484 
3 483 68 485 
3 485 69 484 
3 483 485 484 
3 60 484 461 
3 484 69 486 
3 486 61 461 
3 484 486 461 
3 61 486 487 
3 486 69 488 
3 488 70 487 
3 486 488 487 
3 61 487 464 
3 487 70 489 
3 489 62 464 
3 487 489 464 
3 62 489 490 
3 489 70 491 
3 491 71 490 
3 489 491 490 
3 62 490 467 
3 490 71 492 
3 492 63 467 
3 490 492 467 
3 63 492 493 
3 492 71 494 
3 494 72 493 
3 492 494 493 
3 63 493 470 
3 493 72 495 
3 495 64 470 
3 493 495 470 
3 64 495 496 
3 495 72 497 
3 497 65 496 
3 495 497 496 
3 64 496 473 
3 496 65 475 
3 475 57 473 
3 496 475 473 
3 65 499 498 
3 499 73 500 
3 500 74 498 
3 499 500 498 
3 65 498 476 
3 498 74 501 
3 501 66 476 
3 498 501 476 
3 66 501 502 
3 501 74 503 
3 503 75 502 
3 501 503 502 
3 66 502 479 
3 502 75 504 
3 504 67 479 
3 502 504 479 
3 67 504 505 
3 504 75 506 
3 506 76 505 
3 504 506 505 
3 67 505 482 
3 505 76 507 
3 507 68 482 
3 505 507 482 
3 68 507 508 
3 507 76 509 
3 509 77 508 
3 507 509 508 
3 68 508 485 
3 508 77 510 
3 510 69 485 
3 508 510 485 
3 69 510 511 
3 510 77 512 
3 512 78 511 
3 510 512 511 
3 69 511 488 
3 511 78 513 
3 513 70 488 
3 511 513 488 
3 70 513 514 
3 513 78 515 
3 515 79 514 
3 513 515 514 
3 70 514 491 
3 514 79 516 
3 516 71 491 
3 514 516 491 
3 71 516 517 
3 516 79 518 
3 518 80 517 
3 516 518 517 
3 71 517 494 
3 517 80 519 
3 519 72 494 
3 517 519 494 
3 72 519 520 
3 519 80 521 
3 521 73 520 
3 519 521 520 
3 72 520 497 
3 520 73 499 
3 499 65 497 
3 520 499 497 
3 73 523 522 
3 523 81 524 
3 524 82 522 
3 523 524 522 
3 73 522 500 
3 522 82 525 
3 525 74 500 
3 522 525 500 
3 74 525 526 
3 525 82 527 
3 527 83 526 
3 525 527 526 
3 74 526 503 
3 526 83 528 
3 528 75 503 
3 526 528 503 
3 75 528 529 
3 528 83 530 
3 530 84 529 
3 528 530 529 
3 75 529 506 
3 529 84 531 
3 531 76 506 
3 529 531 506 
3 76 531 532 
3 531 84 533 
3 533 85 532 
3 531 533 532 
3 76 532 509 
3 532 85 534 
3 534 77 509 
3 532 534 509 
3 77 534 535 
3 534 85 536 
3 536 86 535 
3 534 536 535 
3 77 535 512 
3 535 86 537 
3 537 78 512 
3 535 537 512 
3 78 537 538 
3 537 86 539 
3 539 87 538 
3 537 539 538 
3 78 538 515 
3 538 87 540 
3 540 79 515 
3 538 540 515 
3 79 540 541 
3 540 87 542 
3 542 88 541 
3 540 542 541 
3 79 541 518 
3 541 88 543 
3 543 80 518 
3 541 543 518 
3 80 543 544 
3 543 88 545 
3 545 81 544 
3 543 545 544 
3 80 544 521 
3 544 81 523 
3 523 73 521 
3 544 523 521 
3 81 547 546 
3 547 89 548 
3 548 90 546 
3 547 548 546 
3 81 546 524 
3 546 90 549 
3 549 82 524 
3 546 549 524 
3 82 549 550 
3 549 90 551 
3 551 91 550 
3 549 551 550 
3 82 550 527 
3 550 91 552 
3 552 83 527 
3 550 552 527 
3 83 552 553 
3 552 91 554 
3 554 92 553 
3 552 554 553 
3 83 553 530 
3 553 92 555 
3 555 84 530 
3 553 555 530 
3 84 555 556 
3 555 92 557 
3 557 93 556 
3 555 557 556 
3 84 556 533 
3 556 93 558 
3 558 85 533 
3 556 558 533 
3 85 558 559 
3 558 93 560 
3 560 94 559 
3 558 560 559 
3 85 559 536 
3 559 94 561 
3 561 86 536 
3 559 561 536 
3 86 561 562 
3 561 94 563 
3 563 95 562 
3 561 563 562 
3 86 562 539 
3 562 95 564 
3 564 87 539 
3 562 564 539 
3 87 564 565 
3 564 95 566 
3 566 96 565 
3 564 566 565 
3 87 565 542 
3 565 96 567 
3 567 88 542 
3 565 567 542 
3 88 567 568 
3 567 96 569 
3 569 89 568 
3 567 569 568 
3 88 568 545 
3 568 89 547 
3 547 81 545 
3 568 547 545 
3 89 571 570 
3 571 97 572 
3 572 98 570 
3 571 572 570 
3 89 570 548 
3 570 98 573 
3 573 90 548 
3 570 573 548 
3 90 573 574 
3 573 98 575 
3 575 99 574 
3 573 575 574 
3 90 574 551 
3 574 99 576 
3 576 91 551 
3 574 576 551 
3 91 576 577 
3 576 99 578 
3 578 100 577 
3 576 578 577 
3 91 577 554 
3 577 100 579 
3 579 92 554 
3 577 579 554 
3 92 579 580 
3 579 100 581 
3 581 101 580 
3 579 581 580 
3 92 580 557 
3 580 101 582 
3 582 93 557 
3 580 582 557 
3 93 582 583 
3 582 101 584 
3 584 102 583 
3 582 584 583 
3 93 583 560 
3 583 102 585 
3 585 94 560 
3 583 585 560 
3 94 585 586 
3 585 102 587 
3 587 103 586 
3 585 587 586 
3 94 586 563 
3 586 103 588 
3 588 95 563 
3 586 588 563 
3 95 588 589 
3 588 103 590 
3 590 104 589 
3 588 590 589 
3 95 589 566 
3 589 104 591 
3 591 96 566 
3 589 591 566 
3 96 591 592 
3 591 104 593 
3 593 97 592 
3 591 593 592 
3 96 592 569 
3 592 97 571 
3 571 89 569 
3 592 571 569 
3 97 595 594 
3 595 105 596 
3 596 106 594 
3 595 596 594 
3 97 594 572 
3 594 106 597 
3 597 98 572 
3 594 597 572 
3 98 597 598 
3 597 106 599 
3 599 107 598 
3 597 599 598 
3 98 598 575 
3 598 107 600 
3 600 99 575 
3 598 600 575 
3 99 600 601 
3 600 107 602 
3 602 108 601 
3 600 602 601 
3 99 601 578 
3 601 108 603 
3 603 100 578 
3 601 603 578 
3 100 603 604 
3 603 108 605 
3 605 109 604 
3 603 605 604 
3 100 604 581 
3 604 109 606 
3 606 101 581 
3 604 606 581 
3 101 606 607 
3 606 109 608 
3 608 110 607 
3 606 608 607 
3 101 607 584 
3 607 110 609 
3 609 102 584 
3 607 609 584 
3 102 609 610 
3 609 110 611 
3 611 111 610 
3 609 611 610 
3 102 610 587 
3 610 111 612 
3 612 103 587 
3 610 612 587 
3 103 612 613 
3 612 111 614 
3 614 112 613 
3 612 614 613 
3 103 613 590 
3 613 112 615 
3 615 104 590 
3 613 615 590 
3 104 615 616 
3 615 112 617 
3 617 105 616 
3 615 617 616 
3 104 616 593 
3 616 105 595 
3 595 97 593 
3 616 595 593 
3 105 619 618 
3 619 113 620 
3 620 114 618 
3 619 620 618 
3 105 618 596 
3 618 114 621 
3 621 106 596 
3 618 621 596 
3 106 621 622 
3 621 114 623 
3 623 115 622 
3 621 623 622 
3 106 622 599 
3 622 115 624 
3 624 107 599 
3 622 624 599 
3 107 624 625 
3 624 115 626 
3 626 116 625 
3 624 626 625 
3 107 625 602 
3 625 116 627 
3 627 108 602 
3 625 627 602 
3 108 627 628 
3 627 116 629 
3 629 117 628 
3 627 629 628 
3 108 628 605 
3 628 117 630 
3 630 109 605 
3 628 630 605 
3 109 630 631 
3 630 117 632 
3 632 118 631 
3 630 632 631 
3 109 631 608 
3 631 118 633 
3 633 110 608 
3 631 633 608 
3 110 633 634 
3 633 118 635 
3 635 119 634 
3 633 635 634 
3 110 634 611 
3 634 119 636 
3 636 111 611 
3 634 636 611 
3 111 636 637 
3 636 119 638 
3 638 120 637 
3 636 638 637 
3 111 637 614 
3 637 120 639 
3 639 112 614 
3 637 639 614 
3 112 639 640 
3 639 120 641 
3 641 113 640 
3 639 641 640 
3 112 640 617 
3 640 113 619 
3 619 105 617 
3 640 619 617 
3 113 643 642 
3 643 121 644 
3 644 122 642 
3 643 644 642 
3 113 642 620 
3 642 122 645 
3 645 114 620 
3 642 645 620 
3 114 645 646 
3 645 122 647 
3 647 123 646 
3 645 647 646 
3 114 646 623 
3 646 123 648 
3 648 115 623 
3 646 648 623 
3 115 648 649 
3 648 123 650 
3 650 124 649 
3 648 650 649 
3 115 649 626 
3 649 124 651 
3 651 116 626 
3 649 651 626 
3 116 651 652 
3 651 124 653 
3 653 125 652 
3 651 653 652 
3 116 652 629 
3 652 125 654 
3 654 117 629 
3 652 654 629 
3 117 654 655 
3 654 125 656 
3 656 126 655 
3 654 656 655 
3 117 655 632 
3 655 126 657 
3 657 118 632 
3 655 657 632 
3 118 657 658 
3 657 126 659 
3 659 127 658 
3 657 659 658 
3 118 658 635 
3 658 127 660 
3 660 119 635 
3 658 660 635 
3 119 660 661 
3 660 127 662 
3 662 128 661 
3 660 662 661 
3 119 661 638 
3 661 128 663 
3 663 120 638 
3 661 663 638 
3 120 663 664 
3 663 128 665 
3 665 121 664 
3 663 665 664 
3 120 664 641 
3 664 121 643 
3 643 113 641 
3 664 643 641 
3 121 667 666 
3 667 129 668 
3 668 130 666 
3 667 668 666 
3 121 666 644 
3 666 130 669 
3 669 122 644 
3 666 669 644 
3 122 669 670 
3 669 130 671 
3 671 131 670 
3 669 671 670 
3 122 670 647 
3 670 131 672 
3 672 123 647 
3 670 672 647 
3 123 672 673 
3 672 131 674 
3 674 132 673 
3 672 674 673 
3 123 673 650 
3 673 132 675 
3 675 124 650 
3 673 675 650 
3 124 675 676 
3 675 132 677 
3 677 133 676 
3 675 677 676 
3 124 676 653 
3 676 133 678 
3 678 125 653 
3 676 678 653 
3 125 678 679 
3 678 133 680 
3 680 134 679 
3 678 680 679 
3 125 679 656 
3 679 134 681 
3 681 126 656 
3 679 681 656 
3 126 681 682 
3 681 134 683 
3 683 135 682 
3 681 683 682 
3 126 682 659 
3 682 135 684 
3 684 127 659 
3 682 684 659 
3 127 684 685 
3 684 135 686 
3 686 136 685 
3 684 686 685 
3 127 685 662 
3 685 136 687 
3 687 128 662 
3 685 687 662 
3 128 687 688 
3 687 136 689 
3 689 129 688 
3 687 689 688 
3 128 688 665 
3 688 129 667 
3 667 121 665 
3 688 667 665 
3 129 691 690 
3 691 137 692 
3 692 138 690 
3 691 692 690 
3 129 690 668 
3 690 138 693 
3 693 130 668 
3 690 693 668 
3 130 693 694 
3 693 138 695 
3 695 139 694 
3 693 695 694 
3 130 694 671 
3 694 139 696 
3 696 131 671 
3 694 696 671 
3 131 696 697 
3 696 139 698 
3 698 140 697 
3 696 698 697 
3 131 697 674 
3 697 140 699 
3 699 132 674 
3 697 699 674 
3 132 699 700 
3 699 140 701 
3 701 141 700 
3 699 701 700 
3 132 700 677 
3 700 141 702 
3 702 133 677 
3 700 702 677 
3 133 702 703 
3 702 141 704 
3 704 142 703 
3 702 704 703 
3 133 703 680 
3 703 142 705 
3 705 134 680 
3 703 705 680 
3 134 705 706 
3 705 142 707 
3 707 143 706 
3 705 707 706 
3 134 706 683 
3 706 143 708 
3 708 135 683 
3 706 708 683 
3 135 708 709 
3 708 143 710 
3 710 144 709 
3 708 710 709 
3 135 709 686 
3 709 144 711 
3 711 136 686 
3 709 711 686 
3 136 711 712 
3 711 144 713 
3 713 137 712 
3 711 713 712 
3 136 712 689 
3 712 137 691 
3 691 129 689 
3 712 691 689 
3 137 715 714 
3 715 145 716 
3 716 146 714 
3 715 716 714 
3 137 714 692 
3 714 146 717 
3 717 138 692 
3 714 717 692 
3 138 717 718 
3 717 146 719 
3 719 147 718 
3 717 719 718 
3 138 718 695 
3 718 147 720 
3 720 139 695 
3 718 720 695 
3 139 720 721 
3 720 147 722 
3 722 148 721 
3 720 722 721 
3 139 721 698 
3 721 148 723 
3 723 140 698 
3 721 723 698 
3 140 723 724 
3 723 148 725 
3 725 149 724 
3 723 725 724 
3 140 724 701 
3 724 149 726 
3 726 141 701 
3 724 726 701 
3 141 726 727 
3 726 149 728 
3 728 150 727 
3 726 728 727 
3 141 727 704 
3 727 150 729 
3 729 142 704 
3 727 729 704 
3 142 729 730 
3 729 150 731 
3 731 151 730 
3 729 731 730 
3 142 730 707 
3 730 151 732 
3 732 143 707 
3 730 732 707 
3 143 732 733 
3 732 151 734 
3 734 152 733 
3 732 734 733 
3 143 733 710 
3 733 152 735 
3 735 144 710 
3 733 735 710 
3 144 735 736 
3 735 152 737 
3 737 145 736 
3 735 737 736 
3 144 736 713 
3 736 145 715 
3 715 137 713 
3 736 715 713 
3 145 739 738 
3 739 153 740 
3 740 154 738 
3 739 740 738 
3 145 738 716 
3 738 154 741 
3 741 146 716 
3 738 741 716 
3 146 741 742 
3 741 154 743 
3 743 155 742 
3 741 743 742 
3 146 742 719 
3 742 155 744 
3 744 147 719 
3 742 744 719 
3 147 744 745 
3 744 155 746 
3 746 156 745 
3 744 746 745 
3 147 745 722 
3 745 156 747 
3 747 148 722 
3 745 747 722 
3 148 747 748 
3 747 156 749 
3 749 157 748 
3 747 749 748 
3 148 748 725 
3 748 157 750 
3 750 149 725 
3 748 750 725 
3 149 750 751 
3 750 157 752 
3 752 158 751 
3 750 752 751 
3 149 751 728 
3 751 158 753 
3 753 150 728 
3 751 753 728 
3 150 753 754 
3 753 158 755 
3 755 159 754 
3 753 755 754 
3 150 754 731 
3 754 159 756 
3 756 151 731 
3 754 756 731 
3 151 756 757 
3 756 159 758 
3 758 160 757 
3 756 758 757 
3 151 757 734 
3 757 160 759 
3 759 152 734 
3 757 759 734 
3 152 759 760 
3 759 160 761 
3 761 153 760 
3 759 761 760 
3 152 760 737 
3 760 153 739 
3 739 145 737 
3 760 739 737 
3 153 763 762 
3 763 161 764 
3 764 162 762 
3 763 764 762 
3 153 762 740 
3 762 162 765 
3 765 154 740 
3 762 765 740 
3 154 765 766 
3 765 162 767 
3 767 163 766 
3 765 767 766 
3 154 766 743 
3 766 163 768 
3 768 155 743 
3 766 768 743 
3 155 768 769 
3 768 163 770 
3 770 164 769 
3 768 770 769 
3 155 769 746 
3 769 164 771 
3 771 156 746 
3 769 771 746 
3 156 771 772 
3 771 164 773 
3 773 165 772 
3 771 773 772 
3 156 772 749 
3 772 165 774 
3 774 157 749 
3 772 774 749 
3 157 774 775 
3 774 165 776 
3 776 166 775 
3 774 776 775 
3 157 775 752 
3 775 166 777 
3 777 158 752 
3 775 777 752 
3 158 777 778 
3 777 166 779 
3 779 167 778 
3 777 779 778 
3 158 778 755 
3 778 167 780 
3 780 159 755 
3 778 780 755 
3 159 780 781 
3 780 167 782 
3 782 168 781 
3 780 782 781 
3 159 781 758 
3 781 168 783 
3 783 160 758 
3 781 783 758 
3 160 783 784 
3 783 168 785 
3 785 161 784 
3 783 785 784 
3 160 784 761 
3 784 161 763 
3 763 153 761 
3 784 763 761 
3 161 787 786 
3 787 169 788 
3 788 170 786 
3 787 788 786 
3 161 786 764 
3 786 170 789 
3 789 162 764 
3 786 789 764 
3 162 789 790 
3 789 170 791 
3 791 171 790 
3 789 791 790 
3 162 790 767 
3 790 171 792 
3 792 163 767 
3 790 792 767 
3 163 792 793 
3 792 171 794 
3 794 172 793 
3 792 794 793 
3 163 793 770 
3 793 172 795 
3 795 164 770 
3 793 795 770 
3 164 795 796 
3 795 172 797 
3 797 173 796 
3 795 797 796 
3 164 796 773 
3 796 173 798 
3 798 165 773 
3 796 798 773 
3 165 798 799 
3 798 173 800 
3 800 174 799 
3 798 800 799 
3 165 799 776 
3 799 174 801 
3 801 166 776 
3 799 801 776 
3 166 801 802 
3 801 174 803 
3 803 175 802 
3 801 803 802 
3 166 802 779 
3 802 175 804 
3 804 167 779 
3 802 804 779 
3 167 804 805 
3 804 175 806 
3 806 176 805 
3 804 806 805 
3 167 805 782 
3 805 176 807 
3 807 168 782 
3 805 807 782 
3 168 807 808 
3 807 176 809 
3 809 169 808 
3 807 809 808 
3 168 808 785 
3 808 169 787 
3 787 161 785 
3 808 787 785 
3 169 811 810 
3 811 177 812 
3 812 178 810 
3 811 812 810 
3 169 810 788 
3 810 178 813 
3 813 170 788 
3 810 813 788 
3 170 813 814 
3 813 178 815 
3 815 179 814 
3 813 815 814 
3 170 814 791 
3 814 179 816 
3 816 171 791 
3 814 816 791 
3 171 816 817 
3 816 179 818 
3 818 180 817 
3 816 818 817 
3 171 817 794 
3 817 180 819 
3 819 172 794 
3 817 819 794 
3 172 819 820 
3 819 180 821 
3 821 181 820 
3 819 821 820 
3 172 820 797 
3 820 181 822 
3 822 173 797 
3 820 822 797 
3 173 822 823 
3 822 181 824 
3 824 182 823 
3 822 824 823 
3 173 823 800 
3 823 182 825 
3 825 174 800 
3 823 825 800 
3 174 825 826 
3 825 182 827 
3 827 183 826 
3 825 827 826 
3 174 826 803 
3 826 183 828 
3 828 175 803 
3 826 828 803 
3 175 828 829 
3 828 183 830 
3 830 184 829 
3 828 830 829 
3 175 829 806 
3 829 184 831 
3 831 176 806 
3 829 831 806 
3 176 831 832 
3 831 184 833 
3 833 177 832 
3 831 833 832 
3 176 832 809 
3 832 177 811 
3 811 169 809 
3 832 811 809 
3 177 835 834 
3 835 185 836 
3 836 186 834 
3 835 836 834 
3 177 834 812 
3 834 186 837 
3 837 178 812 
3 834 837 812 
3 178 837 838 
3 837 186 839 
3 839 187 838 
3 837 839 838 
3 178 838 815 
3 838 187 840 
3 840 179 815 
3 838 840 815 
3 179 840 841 
3 840 187 842 
3 842 188 841 
3 840 842 841 
3 179 841 818 
3 841 188 843 
3 843 180 818 
3 841 843 818 
3 180 843 844 
3 843 188 845 
3 845 189 844 
3 843 845 844 
3 180 844 821 
3 844 189 846 
3 846 181 821 
3 844 846 821 
3 181 846 847 
3 846 189 848 
3 848 190 847 
3 846 848 847 
3 181 847 824 
3 847 190 849 
3 849 182 824 
3 847 849 824 
3 182 849 850 
3 849 190 851 
3 851 191 850 
3 849 851 850 
3 182 850 827 
3 850 191 852 
3 852 183 827 
3 850 852 827 
3 183 852 853 
3 852 191 854 
3 854 192 853 
3 852 854 853 
3 183 853 830 
3 853 192 855 
3 855 184 830 
3 853 855 830 
3 184 855 856 
3 855 192 857 
3 857 185 856 
3 855 857 856 
3 184 856 833 
3 856 185 835 
3 835 177 833 
3 856 835 833 
3 185 859 858 
3 859 193 860 
3 860 194 858 
3 859 860 858 
3 185 858 836 
3 858 194 861 
3 861 186 836 
3 858 861 836 
3 186 861 862 
3 861 194 863 
3 863 195 862 
3 861 863 862 
3 186 862 839 
3 862 195 864 
3 864 187 839 
3 862 864 839 
3 187 864 865 
3 864 195 866 
3 866 196 865 
3 864 866 865 
3 187 865 842 
3 865 196 867 
3 867 188 842 
3 865 867 842 
3 188 867 868 
3 867 196 869 
3 869 197 868 
3 867 869 868 
3 188 868 845 
3 868 197 870 
3 870 189 845 
3 868 870 845 
3 189 870 871 
3 870 197 872 
3 872 198 871 
3 870 872 871 
3 189 871 848 
3 871 198 873 
3 873 190 848 
3 871 873 848 
3 190 873 874 
3 873 198 875 
3 875 199 874 
3 873 875 874 
3 190 874 851 
3 874 199 876 
3 876 191 851 
3 874 876 851 
3 191 876 877 
3 876 199 878 
3 878 200 877 
3 876 878 877 
3 191 877 854 
3 877 200 879 
3 879 192 854 
3 877 879 854 
3 192 879 880 
3 879 200 881 
3 881 193 880 
3 879 881 880 
3 192 880 857 
3 880 193 859 
3 859 185 857 
3 880 859 857 
3 193 883 882 
3 883 201 884 
3 884 202 882 
3 883 884 882 
3 193 882 860 
3 882 202 885 
3 885 194 860 
3 882 885 860 
3 194 885 886 
3 885 202 887 
3 887 203 886 
3 885 887 886 
3 194 886 863 
3 886 203 888 
3 888 195 863 
3 886 888 863 
3 195 888 889 
3 888 203 890 
3 890 204 889 
3 888 890 889 
3 195 889 866 
3 889 204 891 
3 891 196 866 
3 889 891 866 
3 196 891 892 
3 891 204 893 
3 893 205 892 
3 891 893 892 
3 196 892 869 
3 892 205 894 
3 894 197 869 
3 892 894 869 
3 197 894 895 
3 894 205 896 
3 896 206 895 
3 894 896 895 
3 197 895 872 
3 895 206 897 
3 897 198 872 
3 895 897 872 
3 198 897 898 
3 897 206 899 
3 899 207 898 
3 897 899 898 
3 198 898 875 
3 898 207 900 
3 900 199 875 
3 898 900 875 
3 199 900 901 
3 900 207 902 
3 902 208 901 
3 900 902 901 
3 199 901 878 
3 901 208 903 
3 903 200 878 
3 901 903 878 
3 200 903 904 
3 903 208 905 
3 905 201 904 
3 903 905 904 
3 200 904 881 
3 904 201 883 
3 883 193 881 
3 904 883 881 
3 201 907 906 
3 907 209 908 
3 908 210 906 
3 907 908 906 
3 201 906 884 
3 906 210 909 
3 909 202 884 
3 906 909 884 
3 202 909 910 
3 909 210 911 
3 911 211 910 
3 909 911 910 
3 202 910 887 
3 910 211 912 
3 912 203 887 
3 910 912 887 
3 203 912 913 
3 912 211 914 
3 914 212 913 
3 912 914 913 
3 203 913 890 
3 913 212 915 
3 915 204 890 
3 913 915 890 
3 204 915 916 
3 915 212 917 
3 917 213 916 
3 915 917 916 
3 204 916 893 
3 916 213 918 
3 918 205 893 
3 916 918 893 
3 205 918 919 
3 918 213 920 
3 920 214 919 
3 918 920 919 
3 205 919 896 
3 919 214 921 
3 921 206 896 
3 919 921 896 
3 206 921 922 
3 921 214 923 
3 923 215 922 
3 921 923 922 
3 206 922 899 
3 922 215 924 
3 924 207 899 
3 922 924 899 
3 207 924 925 
3 924 215 926 
3 926 216 925 
3 924 926 925 
3 207 925 902 
3 925 216 927 
3 927 208 902 
3 925 927 902 
3 208 927 928 
3 927 216 929 
3 929 209 928 
3 927 929 928 
3 208 928 905 
3 928 209 907 
3 907 201 905 
3 928 907 905 
3 209 931 930 
3 931 217 932 
3 932 218 930 
3 931 932 930 
3 209 930 908 
3 930 218 933 
3 933 210 908 
3 930 933 908 
3 210 933 934 
3 933 218 935 
3 935 219 934 
3 933 935 934 
3 210 934 911 
3 934 219 936 
3 936 211 911 
3 934 936 911 
3 211 936 937 
3 936 219 938 
3 938 220 937 
3 936 938 937 
3 211 937 914 
3 937 220 939 
3 939 212 914 
3 937 939 914 
3 212 939 940 
3 939 220 941 
3 941 221 940 
3 939 941 940 
3 212 940 917 
3 940 221 942 
3 942 213 917 
3 940 942 917 
3 213 942 943 
3 942 221 944 
3 944 222 943 
3 942 944 943 
3 213 943 920 
3 943 222 945 
3 945 214 920 
3 943 945 920 
3 214 945 946 
3 945 222 947 
3 947 223 946 
3 945 947 946 
3 214 946 923 
3 946 223 948 
3 948 215 923 
3 946 948 923 
3 215 948 949 
3 948 223 950 
3 950 224 949 
3 948 950 949 
3 215 949 926 
3 949 224 951 
3 951 216 926 
3 949 951 926 
3 216 951 952 
3 951 224 953 
3 953 217 952 
3 951 953 952 
3 216 952 929 
3 952 217 931 
3 931 209 929 
3 952 931 929 
3 217 955 954 
3 955 225 956 
3 956 226 954 
3 955 956 954 
3 217 954 932 
3 954 226 957 
3 957 218 932 
3 954 957 932 
3 218 957 958 
3 957 226 959 
3 959 227 958 
3 957 959 958 
3 218 958 935 
3 958 227 960 
3 960 219 935 
3 958 960 935 
3 219 960 961 
3 960 227 962 
3 962 228 961 
3 960 962 961 
3 219 961 938 
3 961 228 963 
3 963 220 938 
3 961 963 938 
3 220 963 964 
3 963 228 965 
3 965 229 964 
3 963 965 964 
3 220 964 941 
3 964 229 966 
3 966 221 941 
3 964 966 941 
3 221 966 967 
3 966 229 968 
3 968 230 967 
3 966 968 967 
3 221 967 944 
3 967 230 969 
3 969 222 944 
3 967 969 944 
3 222 969 970 
3 969 230 971 
3 971 231 970 
3 969 971 970 
3 222 970 947 
3 970 231 972 
3 972 223 947 
3 970 972 947 
3 223 972 973 
3 972 231 974 
3 974 232 973 
3 972 974 973 
3 223 973 950 
3 973 232 975 
3 975 224 950 
3 973 975 950 
3 224 975 976 
3 975 232 977 
3 977 225 976 
3 975 977 976 
3 224 976 953 
3 976 225 955 
3 955 217 953 
3 976 955 953 
3 225 979 978 
3 979 233 980 
3 980 234 978 
3 979 980 978 
3 225 978 956 
3 978 234 981 
3 981 226 956 
3 978 981 956 
3 226 981 982 
3 981 234 983 
3 983 235 982 
3 981 983 982 
3 226 982 959 
3 982 235 984 
3 984 227 959 
3 982 984 959 
3 227 984 985 
3 984 235 986 
3 986 236 985 
3 984 986 985 
3 227 985 962 
3 985 236 987 
3 987 228 962 
3 985 987 962 
3 228 987 988 
3 987 236 989 
3 989 237 988 
3 987 989 988 
3 228 988 965 
3 988 237 990 
3 990 229 965 
3 988 990 965 
3 229 990 991 
3 990 237 992 
3 992 238 991 
3 990 992 991 
3 229 991 968 
3 991 238 993 
3 993 230 968 
3 991 993 968 
3 230 993 994 
3 993 238 995 
3 995 239 994 
3 993 995 994 
3 230 994 971 
3 994 239 996 
3 996 231 971 
3 994 996 971 
3 231 996 997 
3 996 239 998 
3 998 240 997 
3 996 998 997 
3 231 997 974 
3 997 240 999 
3 999 232 974 
3 997 999 974 
3 232 999 1000 
3 999 240 1001 
3 1001 233 1000 
3 999 1001 1000 
3 232 1000 977 
3 1000 233 979 
3 979 225 977 
3 1000 979 977 
3 233 1003 1002 
3 1003 241 1004 
3 1004 242 1002 
3 1003 1004 1002 
3 233 1002 980 
3 1002 242 1005 
3 1005 234 980 
3 1002 1005 980 
3 234 1005 1006 
3 1005 242 1007 
3 1007 243 1006 
3 1005 1007 1006 
3 234 1006 983 
3 1006 243 1008 
3 1008 235 983 
3 1006 1008 983 
3 235 1008 1009 
3 1008 243 1010 
3 1010 244 1009 
3 1008 1010 1009 
3 235 1009 986 
3 1009 244 1011 
3 1011 236 986 
3 1009 1011 986 
3 236 1011 1012 
3 1011 244 1013 
3 1013 245 1012 
3 1011 1013 1012 
3 236 1012 989 
3 1012 245 1014 
3 1014 237 989 
3 1012 1014 989 
3 237 1014 1015 
3 1014 245 1016 
3 1016 246 1015 
3 1014 1016 1015 
3 237 1015 992 
3 1015 246 1017 
3 1017 238 992 
3 1015 1017 992 
3 238 1017 1018 
3 1017 246 1019 
3 1019 247 1018 
3 1017 1019 1018 
3 238 1018 995 
3 1018 247 1020 
3 1020 239 995 
3 1018 1020 995 
3 239 1020 1021 
3 1020 247 1022 
3 1022 248 1021 
3 1020 1022 1021 
3 239 1021 998 
3 1021 248 1023 
3 1023 240 998 
3 1021 1023 998 
3 240 1023 1024 
3 1023 248 1025 
3 1025 241 1024 
3 1023 1025 1024 
3 240 1024 1001 
3 1024 241 1003 
3 1003 233 1001 
3 1024 1003 1001 
3 241 1027 1026 
3 1027 249 1028 
3 1028 250 1026 
3 1027 1028 1026 
3 241 1026 1004 
3 1026 250 1029 
3 1029 242 1004 
3 1026 1029 1004 
3 242 1029 1030 
3 1029 250 1031 
3 1031 251 1030 
3 1029 1031 1030 
3 242 1030 1007 
3 1030 251 1032 
3 1032 243 1007 
3 1030 1032 1007 
3 243 1032 1033 
3 1032 251 1034 
3 1034 252 1033 
3 1032 1034 1033 
3 243 1033 1010 
3 1033 252 1035 
3 1035 244 1010 
3 1033 1035 1010 
3 244 1035 1036 
3 1035 252 1037 
3 1037 253 1036 
3 1035 1037 1036 
3 244 1036 1013 
3 1036 253 1038 
3 1038 245 1013 
3 1036 1038 1013 
3 245 1038 1039 
3 1038 253 1040 
3 1040 254 1039 
3 1038 1040 1039 
3 245 1039 1016 
3 1039 254 1041 
3 1041 246 1016 
3 1039 1041 1016 
3 246 1041 1042 
3 1041 254 1043 
3 1043 255 1042 
3 1041 1043 1042 
3 246 1042 1019 
3 1042 255 1044 
3 1044 247 1019 
3 1042 1044 1019 
3 247 1044 1045 
3 1044 255 1046 
3 1046 256 1045 
3 1044 1046 1045 
3 247 1045 1022 
3 1045 256 1047 
3 1047 248 1022 
3 1045 1047 1022 
3 248 1047 1048 
3 1047 256 1049 
3 1049 249 1048 
3 1047 1049 1048 
3 248 1048 1025 
3 1048 249 1027 
3 1027 241 1025 
3 1048 1027 1025 
3 249 1051 1050 
3 1051 257 1052 
3 1052 258 1050 
3 1051 1052 1050 
3 249 1050 1028 
3 1050 258 1053 
3 1053 250 1028 
3 1050 1053 1028 
3 250 1053 1054 
3 1053 258 1055 
3 1055 259 1054 
3 1053 1055 1054 
3 250 1054 1031 
3 1054 259 1056 
3 1056 251 1031 
3 1054 1056 1031 
3 251 1056 1057 
3 1056 259 1058 
3 1058 260 1057 
3 1056 1058 1057 
3 251 1057 1034 
3 1057 260 1059 
3 1059 252 1034 
3 1057 1059 1034 
3 252 1059 1060 
3 1059 260 1061 
3 1061 261 1060 
3 1059 1061 1060 
3 252 1060 1037 
3 1060 261 1062 
3 1062 253 1037 
3 1060 1062 1037 
3 253 1062 1063 
3 1062 261 1064 
3 1064 262 1063 
3 1062 1064 1063 
3 253 1063 1040 
3 1063 262 1065 
3 1065 254 1040 
3 1063 1065 1040 
3 254 1065 1066 
3 1065 262 1067 
3 1067 263 1066 
3 1065 1067 1066 
3 254 1066 1043 
3 1066 263 1068 
3 1068 255 1043 
3 1066 1068 1043 
3 255 1068 1069 
3 1068 263 1070 
3 1070 264 1069 
3 1068 1070 1069 
3 255 1069 1046 
3 1069 264 1071 
3 1071 256 1046 
3 1069 1071 1046 
3 256 1071 1072 
3 1071 264 1073 
3 1073 257 1072 
3 1071 1073 1072 
3 256 1072 1049 
3 1072 257 1051 
3 1051 249 1049 
3 1072 1051 1049 
3 257 1075 1074 
3 1075 265 1076 
3 1076 266 1074 
3 1075 1076 1074 
3 257 1074 1052 
3 1074 266 1077 
3 1077 258 1052 
3 1074 1077 1052 
3 258 1077 1078 
3 1077 266 1079 
3 1079 267 1078 
3 1077 1079 1078 
3 258 1078 1055 
3 1078 267 1080 
3 1080 259 1055 
3 1078 1080 1055 
3 259 1080 1081 
3 1080 267 1082 
3 1082 268 1081 
3 1080 1082 1081 
3 259 1081 1058 
3 1081 268 1083 
3 1083 260 1058 
3 1081 1083 1058 
3 260 1083 1084 
3 1083 268 1085 
3 1085 269 1084 
3 1083 1085 1084 
3 260 1084 1061 
3 1084 269 1086 
3 1086 261 1061 
3 1084 1086 1061 
3 261 1086 1087 
3 1086 269 1088 
3 1088 270 1087 
3 1086 1088 1087 
3 261 1087 1064 
3 1087 270 1089 
3 1089 262 1064 
3 1087 1089 1064 
3 262 1089 1090 
3 1089 270 1091 
3 1091 271 1090 
3 1089 1091 1090 
3 262 1090 1067 
3 1090 271 1092 
3 1092 263 1067 
3 1090 1092 1067 
3 263 1092 1093 
3 1092 271 1094 
3 1094 272 1093 
3 1092 1094 1093 
3 263 1093 1070 
3 1093 272 1095 
3 1095 264 1070 
3 1093 1095 1070 
3 264 1095 1096 
3 1095 272 1097 
3 1097 265 1096 
3 1095 1097 1096 
3 264 1096 1073 
3 1096 265 1075 
3 1075 257 1073 
3 1096 1075 1073 
3 265 1099 1098 
3 1099 273 1100 
3 1100 274 1098 
3 1099 1100 1098 
3 265 1098 1076 
3 1098 274 1101 
3 1101 266 1076 
3 1098 1101 1076 
3 266 1101 1102 
3 1101 274 1103 
3 1103 275 1102 
3 1101 1103 1102 
3 266 1102 1079 
3 1102 275 1104 
3 1104 267 1079 
3 1102 1104 1079 
3 267 1104 1105 
3 1104 275 1106 
3 1106 276 1105 
3 1104 1106 1105 
3 267 1105 1082 
3 1105 276 1107 
3 1107 268 1082 
3 1105 1107 1082 
3 268 1107 1108 
3 1107 276 1109 
3 1109 277 1108 
3 1107 1109 1108 
3 268 1108 1085 
3 1108 277 1110 
3 1110 269 1085 
3 1108 1110 1085 
3 269 1110 1111 
3 1110 277 1112 
3 1112 278 1111 
3 1110 1112 1111 
3 269 1111 1088 
3 1111 278 1113 
3 1113 270 1088 
3 1111 1113 1088 
3 270 1113 1114 
3 1113 278 1115 
3 1115 279 1114 
3 1113 1115 1114 
3 270 1114 1091 
3 1114 279 1116 
3 1116 271 1091 
3 1114 1116 1091 
3 271 1116 1117 
3 1116 279 1118 
3 1118 280 1117 
3 1116 1118 1117 
3 271 1117 1094 
3 1117 280 1119 
3 1119 272 1094 
3 1117 1119 1094 
3 272 1119 1120 
3 1119 280 1121 
3 1121 273 1120 
3 1119 1121 1120 
3 272 1120 1097 
3 1120 273 1099 
3 1099 265 1097 
3 1120 1099 1097 
3 273 1123 1122 
3 1123 281 1124 
3 1124 282 1122 
3 1123 1124 1122 
3 273 1122 1100 
3 1122 282 1125 
3 1125 274 1100 
3 1122 1125 1100 
3 274 1125 1126 
3 1125 282 1127 
3 1127 283 1126 
3 1125 1127 1126 
3 274 1126 1103 
3 1126 283 1128 
3 1128 275 1103 
3 1126 1128 1103 
3 275 1128 1129 
3 1128 283 1130 
3 1130 284 1129 
3 1128 1130 1129 
3 275 1129 1106 
3 1129 284 1131 
3 1131 276 1106 
3 1129 1131 1106 
3 276 1131 1132 
3 1131 284 1133 
3 1133 285 1132 
3 1131 1133 1132 
3 276 1132 1109 
3 1132 285 1134 
3 1134 277 1109 
3 1132 1134 1109 
3 277 1134 1135 
3 1134 285 1136 
3 1136 286 1135 
3 1134 1136 1135 
3 277 1135 1112 
3 1135 286 1137 
3 1137 278 1112 
3 1135 1137 1112 
3 278 1137 1138 
3 1137 286 1139 
3 1139 287 1138 
3 1137 1139 1138 
3 278 1138 1115 
3 1138 287 1140 
3 1140 279 1115 
3 1138 1140 1115 
3 279 1140 1141 
3 1140 287 1142 
3 1142 288 1141 
3 1140 1142 1141 
3 279 1141 1118 
3 1141 288 1143 
3 1143 280 1118 
3 1141 1143 1118 
3 280 1143 1144 
3 1143 288 1145 
3 1145 281 1144 
3 1143 1145 1144 
3 280 1144 1121 
3 1144 281 1123 
3 1123 273 1121 
3 1144 1123 1121 
3 281 1146 1124 
3 1146 289 1147 
3 1147 282 1124 
3 1146 1147 1124 
3 282 1147 1127 
3 1147 289 1148 
3 1148 283 1127 
3 1147 1148 1127 
3 283 1148 1130 
3 1148 289 1149 
3 1149 284 1130 
3 1148 1149 1130 
3 284 1149 1133 
3 1149 289 1150 
3 1150 285 1133 
3 1149 1150 1133 
3 285 1150 1136 
3 1150 289 1151 
3 1151 286 1136 
3 1150 1151 1136 
3 286 1151 1139 
3 1151 289 1152 
3 1152 287 1139 
3 1151 1152 1139 
3 287 1152 1142 
3 1152 289 1153 
3 1153 288 1142 
3 1152 1153 1142 
3 288 1153 1145 
3 1153 289 1146 
3 1146 281 1145 
3 1153 1146 1145 