8.189937e-13
8.189931e-13
-1.420300e-15
8.189868e-13
-4.126546e-15
8.189600e-13
-9.698094e-15
8.188888e-13
-1.662831e-14
8.187416e-13
-2.574303e-14
8.184761e-13
-3.684469e-14
8.180429e-13
-4.975221e-14
8.173827e-13
-6.487236e-14
8.164257e-13
-8.210829e-14
8.150921e-13
-1.016914e-13
8.132973e-13
-1.228630e-13
8.109506e-13
-1.461891e-13
8.079546e-13
-1.710958e-13
8.042081e-13
-1.978578e-13
7.996032e-13
-2.263177e-13
7.940280e-13
-2.565172e-13
7.873712e-13
-2.879547e-13
7.795220e-13
-3.208006e-13
7.703707e-13
-3.546515e-13
7.598181e-13
-3.890249e-13
7.477758e-13
-4.237101e-13
7.341554e-13
-4.590123e-13
7.188776e-13
-4.942075e-13
7.018803e-13
-5.291469e-13
6.831206e-13
-5.631304e-13
6.625716e-13
-5.962978e-13
6.402179e-13
-6.282573e-13
6.160647e-13
-6.587024e-13
5.901356e-13
-6.874047e-13
5.624830e-13
-7.135819e-13
5.331855e-13
-7.372116e-13
5.023455e-13
-7.576675e-13
4.701011e-13
-7.743958e-13
4.366177e-13
-7.872149e-13
4.020820e-13
-7.958521e-13
3.667090e-13
-7.998071e-13
3.307435e-13
-7.987323e-13
2.944590e-13
-7.921625e-13
2.581513e-13
-7.800235e-13
2.221284e-13
-7.622438e-13
1.867131e-13
-7.385576e-13
1.522434e-13
-7.088528e-13
1.190716e-13
-6.728085e-13
8.756139e-14
-6.304047e-13
5.807942e-14
-5.815744e-13
3.098358e-14
-5.267137e-13
6.618963e-15
-4.658348e-13
-1.467657e-14
-3.990248e-13
-3.258664e-14
-3.267998e-13
-4.681979e-14
-2.493130e-13
-5.710923e-14
-1.669983e-13
-6.322363e-14
-8.038831e-14
-6.496672e-14
1.015556e-14
-6.218819e-14
1.036956e-13
-5.478343e-14
1.999104e-13
-4.268798e-14
2.981034e-13
-2.588441e-14
3.976741e-13
-4.402719e-15
4.978959e-13
2.167371e-14
5.978892e-13
5.221425e-14
6.971352e-13
8.703832e-14
7.945734e-13
1.259207e-13
8.898331e-13
1.686037e-13
9.822794e-13
2.147851e-13
1.070935e-12
2.641191e-13
1.155042e-12
3.162308e-13
1.234146e-12
3.707199e-13
1.307515e-12
4.271577e-13
1.374357e-12
4.850934e-13
1.434082e-12
5.440656e-13
1.486249e-12
6.036165e-13
1.530782e-12
6.632937e-13
1.567193e-12
7.226487e-13
1.595147e-12
7.812417e-13
1.614223e-12
8.386468e-13
1.624192e-12
8.944553e-13
1.624580e-12
9.482868e-13
1.615672e-12
9.998011e-13
1.597549e-12
1.048697e-12
1.570350e-12
1.094715e-12
1.534250e-12
1.137632e-12
1.489053e-12
1.177270e-12
1.435314e-12
1.213501e-12
1.373281e-12
1.246241e-12
1.303048e-12
1.275451e-12
1.225141e-12
1.301149e-12
1.140365e-12
1.323395e-12
1.048616e-12
1.342290e-12
9.504306e-13
1.357981e-12
8.466753e-13
1.370659e-12
7.374192e-13
1.380550e-12
6.234950e-13
1.387919e-12
5.059569e-13
1.393059e-12
3.836403e-13
1.396263e-12
2.538507e-13
1.397830e-12
1.120205e-13
1.398054e-12
-5.136265e-14
1.397205e-12
-2.648805e-13
1.395497e-12
-6.119408e-13
1.393099e-12
-1.540547e-12
1.392037e-12
-5.863975e-09
1.147693e-12
-5.851139e-10
3.725268e-12
1.176771e-09
8.536116e-12
1.344894e-09
1.529325e-11
1.247828e-09
2.389993e-11
1.256352e-09
3.438823e-11
1.221756e-09
4.670990e-11
1.205995e-09
6.088128e-11
1.226351e-09
7.690677e-11
1.229748e-09
9.474221e-11
1.233517e-09
1.143441e-10
1.227819e-09
1.356505e-10
1.218356e-09
1.586068e-10
1.213029e-09
1.831519e-10
1.204602e-09
2.092041e-10
1.195198e-09
2.366725e-10
1.184276e-09
2.654499e-10
1.170617e-09
2.954112e-10
1.154152e-09
3.264167e-10
1.135108e-09
3.583101e-10
1.113158e-09
3.909168e-10
1.087832e-09
4.240444e-10
1.059276e-09
4.574826e-10
1.027059e-09
4.910027e-10
9.908938e-10
5.243582e-10
9.507785e-10
5.572868e-10
9.067448e-10
5.895096e-10
8.583128e-10
6.207320e-10
8.052013e-10
6.506460e-10
7.475681e-10
6.789334e-10
6.853856e-10
7.052665e-10
6.183865e-10
7.293118e-10
5.470373e-10
7.507316e-10
4.707965e-10
7.691863e-10
3.898813e-10
7.843393e-10
3.045956e-10
7.958602e-10
2.148982e-10
8.034272e-10
1.210779e-10
8.067314e-10
2.337075e-11
8.054803e-10
-7.792562e-11
7.993990e-10
-1.828454e-10
7.882351e-10
-2.908442e-10
7.717615e-10
-4.016454e-10
7.497786e-10
-5.148791e-10
7.221167e-10
-6.301609e-10
6.886368e-10
-7.473517e-10
6.492320e-10
-8.659413e-10
6.038291e-10
-9.855448e-10
5.523884e-10
-1.105839e-09
4.949018e-10
-1.226675e-09
4.313918e-10
-1.347704e-09
3.619105e-10
-1.468712e-09
2.865360e-10
-1.589566e-09
2.053683e-10
-1.710315e-09
1.185254e-10
-1.830884e-09
2.613867e-11
-1.951385e-09
-7.165371e-11
-2.072218e-09
-1.747138e-10
-2.193731e-09
-2.829107e-10
-2.316538e-09
-3.961299e-10
-2.441477e-09
-5.142822e-10
-2.569585e-09
-6.373138e-10
-2.702188e-09
-7.652187e-10
-2.841040e-09
-8.980513e-10
-2.988173e-09
-1.035941e-09
-3.146201e-09
-1.179106e-09
-3.318300e-09
-1.327878e-09
-3.508378e-09
-1.482718e-09
-3.721278e-09
-1.644242e-09
-3.962908e-09
-1.813255e-09
-4.240600e-09
-1.990781e-09
-4.563440e-09
-2.178110e-09
-4.942936e-09
-2.376853e-09
-5.393541e-09
-2.589005e-09
-5.933434e-09
-2.817029e-09
-6.586068e-09
-3.063969e-09
-7.381897e-09
-3.333585e-09
-8.360410e-09
-3.630534e-09
-9.574031e-09
-3.960613e-09
-1.109277e-08
-4.331083e-09
-1.301155e-08
-4.751105e-09
-1.546074e-08
-5.232344e-09
-1.862234e-08
-5.789816e-09
-2.275494e-08
-6.443093e-09
-2.823265e-08
-7.218048e-09
-3.560836e-08
-8.149443e-09
-4.571838e-08
-9.284860e-09
-5.986195e-08
-1.069082e-08
-8.011905e-08
-1.246261e-08
-1.099361e-07
-1.474066e-08
-1.552562e-07
-1.773889e-08
-2.268181e-07
-2.179623e-08
-3.451104e-07
-2.747559e-08
-5.517435e-07
-3.576619e-08
-9.369716e-07
-4.852593e-08
-1.706598e-06
-6.950464e-08
-3.311316e-06
-1.067295e-07
-6.237264e-06
-1.770530e-07
-3.977823e-06
-3.020942e-07
1.197646e-04
-3.500423e-07
2.321313e-03
6.846436e-02
9.927030e-02
9.927027e-02
-2.489745e-04
9.926972e-02
-3.324848e-04
9.926774e-02
-6.991150e-04
9.926250e-02
-1.232712e-03
9.925153e-02
-1.921406e-03
9.923166e-02
-2.762679e-03
9.919904e-02
-3.755116e-03
9.914920e-02
-4.897334e-03
9.907702e-02
-6.187755e-03
9.897681e-02
-7.624528e-03
9.884230e-02
-9.205461e-03
9.866670e-02
-1.092798e-02
9.844275e-02
-1.278910e-02
9.816276e-02
-1.478533e-02
9.781867e-02
-1.691270e-02
9.740211e-02
-1.916665e-02
9.690443e-02
-2.154205e-02
9.631686e-02
-2.403311e-02
9.563048e-02
-2.663339e-02
9.483638e-02
-2.933574e-02
9.392571e-02
-3.213229e-02
9.288978e-02
-3.501444e-02
9.172014e-02
-3.797285e-02
9.040869e-02
-4.099742e-02
8.894779e-02
-4.407732e-02
8.733031e-02
-4.720100e-02
8.554979e-02
-5.035622e-02
8.360050e-02
-5.353011e-02
8.147751e-02
-5.670917e-02
7.917684e-02
-5.987939e-02
7.669550e-02
-6.302629e-02
7.403157e-02
-6.613500e-02
7.118428e-02
-6.919039e-02
6.815406e-02
-7.217711e-02
6.494258e-02
-7.507976e-02
6.155282e-02
-7.788298e-02
5.798904e-02
-8.057158e-02
5.425682e-02
-8.313066e-02
5.036303e-02
-8.554573e-02
4.631586e-02
-8.780290e-02
4.212470e-02
-8.988891e-02
3.780015e-02
-9.179137e-02
3.335395e-02
-9.349877e-02
2.879884e-02
-9.500070e-02
2.414854e-02
-9.628787e-02
1.941757e-02
-9.735227e-02
1.462120e-02
-9.818720e-02
9.775241e-03
-9.878740e-02
4.895984e-03
-9.914905e-02
1.159436e-10
-9.926986e-02
-4.895984e-03
-9.914905e-02
-9.775241e-03
-9.878740e-02
-1.462120e-02
-9.818720e-02
-1.941757e-02
-9.735227e-02
-2.414854e-02
-9.628787e-02
-2.879884e-02
-9.500070e-02
-3.335395e-02
-9.349877e-02
-3.780015e-02
-9.179137e-02
-4.212470e-02
-8.988891e-02
-4.631586e-02
-8.780290e-02
-5.036303e-02
-8.554573e-02
-5.425682e-02
-8.313066e-02
-5.798904e-02
-8.057158e-02
-6.155282e-02
-7.788298e-02
-6.494258e-02
-7.507976e-02
-6.815406e-02
-7.217711e-02
-7.118428e-02
-6.919039e-02
-7.403157e-02
-6.613500e-02
-7.669550e-02
-6.302629e-02
-7.917684e-02
-5.987939e-02
-8.147751e-02
-5.670917e-02
-8.360050e-02
-5.353011e-02
-8.554979e-02
-5.035622e-02
-8.733031e-02
-4.720100e-02
-8.894779e-02
-4.407732e-02
-9.040869e-02
-4.099742e-02
-9.172014e-02
-3.797285e-02
-9.288978e-02
-3.501445e-02
-9.392571e-02
-3.213229e-02
-9.483638e-02
-2.933574e-02
-9.563048e-02
-2.663339e-02
-9.631686e-02
-2.403311e-02
-9.690443e-02
-2.154205e-02
-9.740211e-02
-1.916665e-02
-9.781867e-02
-1.691270e-02
-9.816276e-02
-1.478534e-02
-9.844275e-02
-1.278910e-02
-9.866670e-02
-1.092799e-02
-9.884230e-02
-9.205466e-03
-9.897681e-02
-7.624534e-03
-9.907702e-02
-6.187763e-03
-9.914920e-02
-4.897343e-03
-9.919904e-02
-3.755128e-03
-9.923166e-02
-2.762692e-03
-9.925154e-02
-1.921399e-03
-9.926251e-02
-1.232504e-03
-9.926774e-02
-6.970685e-04
-9.926971e-02
-3.118985e-04
-9.927018e-02
2.555859e-06
-9.927021e-02
1.102244e-12
-4.639773e-10
1.345767e-09
-2.021555e-09
0.000000e+00
8.189937e-13
8.189931e-13
-1.420300e-15
8.189868e-13
-4.126546e-15
8.189600e-13
-9.698094e-15
8.188888e-13
-1.662831e-14
8.187416e-13
-2.574303e-14
8.184761e-13
-3.684469e-14
8.180429e-13
-4.975221e-14
8.173827e-13
-6.487236e-14
8.164257e-13
-8.210829e-14
8.150921e-13
-1.016914e-13
8.132973e-13
-1.228630e-13
8.109506e-13
-1.461891e-13
8.079546e-13
-1.710958e-13
8.042081e-13
-1.978578e-13
7.996032e-13
-2.263177e-13
7.940280e-13
-2.565172e-13
7.873712e-13
-2.879547e-13
7.795220e-13
-3.208006e-13
7.703707e-13
-3.546515e-13
7.598181e-13
-3.890249e-13
7.477758e-13
-4.237101e-13
7.341554e-13
-4.590123e-13
7.188776e-13
-4.942075e-13
7.018803e-13
-5.291469e-13
6.831206e-13
-5.631304e-13
6.625716e-13
-5.962978e-13
6.402179e-13
-6.282573e-13
6.160647e-13
-6.587024e-13
5.901356e-13
-6.874047e-13
5.624830e-13
-7.135819e-13
5.331855e-13
-7.372116e-13
5.023455e-13
-7.576675e-13
4.701011e-13
-7.743958e-13
4.366177e-13
-7.872149e-13
4.020820e-13
-7.958521e-13
3.667090e-13
-7.998071e-13
3.307435e-13
-7.987323e-13
2.944590e-13
-7.921625e-13
2.581513e-13
-7.800235e-13
2.221284e-13
-7.622438e-13
1.867131e-13
-7.385576e-13
1.522434e-13
-7.088528e-13
1.190716e-13
-6.728085e-13
8.756139e-14
-6.304047e-13
5.807942e-14
-5.815744e-13
3.098358e-14
-5.267137e-13
6.618963e-15
-4.658348e-13
-1.467657e-14
-3.990248e-13
-3.258664e-14
-3.267998e-13
-4.681979e-14
-2.493130e-13
-5.710923e-14
-1.669983e-13
-6.322363e-14
-8.038831e-14
-6.496672e-14
1.015556e-14
-6.218819e-14
1.036956e-13
-5.478343e-14
1.999104e-13
-4.268798e-14
2.981034e-13
-2.588441e-14
3.976741e-13
-4.402719e-15
4.978959e-13
2.167371e-14
5.978892e-13
5.221425e-14
6.971352e-13
8.703832e-14
7.945734e-13
1.259207e-13
8.898331e-13
1.686037e-13
9.822794e-13
2.147851e-13
1.070935e-12
2.641191e-13
1.155042e-12
3.162308e-13
1.234146e-12
3.707199e-13
1.307515e-12
4.271577e-13
1.374357e-12
4.850934e-13
1.434082e-12
5.440656e-13
1.486249e-12
6.036165e-13
1.530782e-12
6.632937e-13
1.567193e-12
7.226487e-13
1.595147e-12
7.812417e-13
1.614223e-12
8.386468e-13
1.624192e-12
8.944553e-13
1.624580e-12
9.482868e-13
1.615672e-12
9.998011e-13
1.597549e-12
1.048697e-12
1.570350e-12
1.094715e-12
1.534250e-12
1.137632e-12
1.489053e-12
1.177270e-12
1.435314e-12
1.213501e-12
1.373281e-12
1.246241e-12
1.303048e-12
1.275451e-12
1.225141e-12
1.301149e-12
1.140365e-12
1.323395e-12
1.048616e-12
1.342290e-12
9.504306e-13
1.357981e-12
8.466753e-13
1.370659e-12
7.374192e-13
1.380550e-12
6.234950e-13
1.387919e-12
5.059569e-13
1.393059e-12
3.836403e-13
1.396263e-12
2.538507e-13
1.397830e-12
1.120205e-13
1.398054e-12
-5.136265e-14
1.397205e-12
-2.648805e-13
1.395497e-12
-6.119408e-13
1.393099e-12
-1.540547e-12
1.392037e-12
-5.863975e-09
1.147693e-12
-5.851139e-10
3.725268e-12
1.176771e-09
8.536116e-12
1.344894e-09
1.529325e-11
1.247828e-09
2.389993e-11
1.256352e-09
3.438823e-11
1.221756e-09
4.670990e-11
1.205995e-09
6.088128e-11
1.226351e-09
7.690677e-11
1.229748e-09
9.474221e-11
1.233517e-09
1.143441e-10
1.227819e-09
1.356505e-10
1.218356e-09
1.586068e-10
1.213029e-09
1.831519e-10
1.204602e-09
2.092041e-10
1.195198e-09
2.366725e-10
1.184276e-09
2.654499e-10
1.170617e-09
2.954112e-10
1.154152e-09
3.264167e-10
1.135108e-09
3.583101e-10
1.113158e-09
3.909168e-10
1.087832e-09
4.240444e-10
1.059276e-09
4.574826e-10
1.027059e-09
4.910027e-10
9.908938e-10
5.243582e-10
9.507785e-10
5.572868e-10
9.067448e-10
5.895096e-10
8.583128e-10
6.207320e-10
8.052013e-10
6.506460e-10
7.475681e-10
6.789334e-10
6.853856e-10
7.052665e-10
6.183865e-10
7.293118e-10
5.470373e-10
7.507316e-10
4.707965e-10
7.691863e-10
3.898813e-10
7.843393e-10
3.045956e-10
7.958602e-10
2.148982e-10
8.034272e-10
1.210779e-10
8.067314e-10
2.337075e-11
8.054803e-10
-7.792562e-11
7.993990e-10
-1.828454e-10
7.882351e-10
-2.908442e-10
7.717615e-10
-4.016454e-10
7.497786e-10
-5.148791e-10
7.221167e-10
-6.301609e-10
6.886368e-10
-7.473517e-10
6.492320e-10
-8.659413e-10
6.038291e-10
-9.855448e-10
5.523884e-10
-1.105839e-09
4.949018e-10
-1.226675e-09
4.313918e-10
-1.347704e-09
3.619105e-10
-1.468712e-09
2.865360e-10
-1.589566e-09
2.053683e-10
-1.710315e-09
1.185254e-10
-1.830884e-09
2.613867e-11
-1.951385e-09
-7.165371e-11
-2.072218e-09
-1.747138e-10
-2.193731e-09
-2.829107e-10
-2.316538e-09
-3.961299e-10
-2.441477e-09
-5.142822e-10
-2.569585e-09
-6.373138e-10
-2.702188e-09
-7.652187e-10
-2.841040e-09
-8.980513e-10
-2.988173e-09
-1.035941e-09
-3.146201e-09
-1.179106e-09
-3.318300e-09
-1.327878e-09
-3.508378e-09
-1.482718e-09
-3.721278e-09
-1.644242e-09
-3.962908e-09
-1.813255e-09
-4.240600e-09
-1.990781e-09
-4.563440e-09
-2.178110e-09
-4.942936e-09
-2.376853e-09
-5.393541e-09
-2.589005e-09
-5.933434e-09
-2.817029e-09
-6.586068e-09
-3.063969e-09
-7.381897e-09
-3.333585e-09
-8.360410e-09
-3.630534e-09
-9.574031e-09
-3.960613e-09
-1.109277e-08
-4.331083e-09
-1.301155e-08
-4.751105e-09
-1.546074e-08
-5.232344e-09
-1.862234e-08
-5.789816e-09
-2.275494e-08
-6.443093e-09
-2.823265e-08
-7.218048e-09
-3.560836e-08
-8.149443e-09
-4.571838e-08
-9.284860e-09
-5.986195e-08
-1.069082e-08
-8.011905e-08
-1.246261e-08
-1.099361e-07
-1.474066e-08
-1.552562e-07
-1.773889e-08
-2.268181e-07
-2.179623e-08
-3.451104e-07
-2.747559e-08
-5.517435e-07
-3.576619e-08
-9.369716e-07
-4.852593e-08
-1.706598e-06
-6.950464e-08
-3.311316e-06
-1.067295e-07
-6.237264e-06
-1.770530e-07
-3.977823e-06
-3.020942e-07
1.197646e-04
-3.500423e-07
2.321313e-03
6.846436e-02
9.927030e-02
9.927027e-02
-2.489745e-04
9.926972e-02
-3.324848e-04
9.926774e-02
-6.991150e-04
9.926250e-02
-1.232712e-03
9.925153e-02
-1.921406e-03
9.923166e-02
-2.762679e-03
9.919904e-02
-3.755116e-03
9.914920e-02
-4.897334e-03
9.907702e-02
-6.187755e-03
9.897681e-02
-7.624528e-03
9.884230e-02
-9.205461e-03
9.866670e-02
-1.092798e-02
9.844275e-02
-1.278910e-02
9.816276e-02
-1.478533e-02
9.781867e-02
-1.691270e-02
9.740211e-02
-1.916665e-02
9.690443e-02
-2.154205e-02
9.631686e-02
-2.403311e-02
9.563048e-02
-2.663339e-02
9.483638e-02
-2.933574e-02
9.392571e-02
-3.213229e-02
9.288978e-02
-3.501444e-02
9.172014e-02
-3.797285e-02
9.040869e-02
-4.099742e-02
8.894779e-02
-4.407732e-02
8.733031e-02
-4.720100e-02
8.554979e-02
-5.035622e-02
8.360050e-02
-5.353011e-02
8.147751e-02
-5.670917e-02
7.917684e-02
-5.987939e-02
7.669550e-02
-6.302629e-02
7.403157e-02
-6.613500e-02
7.118428e-02
-6.919039e-02
6.815406e-02
-7.217711e-02
6.494258e-02
-7.507976e-02
6.155282e-02
-7.788298e-02
5.798904e-02
-8.057158e-02
5.425682e-02
-8.313066e-02
5.036303e-02
-8.554573e-02
4.631586e-02
-8.780290e-02
4.212470e-02
-8.988891e-02
3.780015e-02
-9.179137e-02
3.335395e-02
-9.349877e-02
2.879884e-02
-9.500070e-02
2.414854e-02
-9.628787e-02
1.941757e-02
-9.735227e-02
1.462120e-02
-9.818720e-02
9.775241e-03
-9.878740e-02
4.895984e-03
-9.914905e-02
1.159436e-10
-9.926986e-02
-4.895984e-03
-9.914905e-02
-9.775241e-03
-9.878740e-02
-1.462120e-02
-9.818720e-02
-1.941757e-02
-9.735227e-02
-2.414854e-02
-9.628787e-02
-2.879884e-02
-9.500070e-02
-3.335395e-02
-9.349877e-02
-3.780015e-02
-9.179137e-02
-4.212470e-02
-8.988891e-02
-4.631586e-02
-8.780290e-02
-5.036303e-02
-8.554573e-02
-5.425682e-02
-8.313066e-02
-5.798904e-02
-8.057158e-02
-6.155282e-02
-7.788298e-02
-6.494258e-02
-7.507976e-02
-6.815406e-02
-7.217711e-02
-7.118428e-02
-6.919039e-02
-7.403157e-02
-6.613500e-02
-7.669550e-02
-6.302629e-02
-7.917684e-02
-5.987939e-02
-8.147751e-02
-5.670917e-02
-8.360050e-02
-5.353011e-02
-8.554979e-02
-5.035622e-02
-8.733031e-02
-4.720100e-02
-8.894779e-02
-4.407732e-02
-9.040869e-02
-4.099742e-02
-9.172014e-02
-3.797285e-02
-9.288978e-02
-3.501445e-02
-9.392571e-02
-3.213229e-02
-9.483638e-02
-2.933574e-02
-9.563048e-02
-2.663339e-02
-9.631686e-02
-2.403311e-02
-9.690443e-02
-2.154205e-02
-9.740211e-02
-1.916665e-02
-9.781867e-02
-1.691270e-02
-9.816276e-02
-1.478534e-02
-9.844275e-02
-1.278910e-02
-9.866670e-02
-1.092799e-02
-9.884230e-02
-9.205466e-03
-9.897681e-02
-7.624534e-03
-9.907702e-02
-6.187763e-03
-9.914920e-02
-4.897343e-03
-9.919904e-02
-3.755128e-03
-9.923166e-02
-2.762692e-03
-9.925154e-02
-1.921399e-03
-9.926251e-02
-1.232504e-03
-9.926774e-02
-6.970685e-04
-9.926971e-02
-3.118985e-04
-9.927018e-02
2.555859e-06
-9.927021e-02
1.102244e-12
-4.639773e-10
1.345767e-09
-2.021555e-09
0.000000e+00
